time, S, E, I, R, rho
0, 32368934, 500, 524, 42, 1
1.0, 32368809.004116464, 553.4958835341365, 537.86, 99.64, 1
2.0, 32368670.635236803, 612.7148518511055, 557.8453113453816, 158.8046, 1
3.0, 32368517.462814555, 678.2690502860603, 584.1005509120977, 220.16758424799195, 1
4.0, 32368347.90331812, 750.8360725322173, 616.8419645026735, 284.4186448483227, 1
5.0, 32368160.203880258, 831.1659520198862, 656.3589067794865, 352.27126094361677, 1
6.0, 32367952.424202386, 920.0888987539984, 703.0161581725868, 424.4707406893603, 1
7.0, 32367722.416527834, 1018.5238607835063, 757.257093295424, 501.80251808834487, 1
8.0, 32367467.80347871, 1127.4879978145013, 819.6077251249689, 585.1007983508415, 1
9.0, 32367185.953529157, 1248.1071636796194, 890.681659048696, 675.257648114588, 1
10.0, 32366873.953863904, 1381.6275045248246, 971.1860009595249, 773.2326306099446, 1
11.0, 32366528.580344517, 1529.4282907641395, 1061.9282740010271, 880.0630907154924, 1
12.0, 32366146.264276516, 1693.036113184597, 1163.8244094401862, 996.8752008556054, 1
13.0, 32365723.055638347, 1874.1405871675258, 1277.9078885871631, 1124.895885894026, 1
14.0, 32365254.582397602, 2074.6117239470523, 1405.3401248075313, 1265.465753638614, 1
15.0, 32364736.005500745, 2296.5191442806185, 1547.4221876031315, 1420.0531673674423, 1
16.0, 32364161.969079398, 2542.1533279971204, 1705.6079845989154, 1590.2696080037867, 1
17.0, 32363526.545368727, 2814.0491127633886, 1881.519032196623, 1777.8864863096674, 1
18.0, 32362823.173781138, 3115.011677226186, 2076.960961780159, 1984.8535798512958, 1
19.0, 32362044.59352091, 3448.145267610942, 2293.9419258276857, 2213.3192856471132, 1
20.0, 32361182.769062188, 3816.884953064877, 2534.693087255005, 2465.6528974881585, 1
21.0, 32360228.807743262, 4225.031723703198, 2801.6913959452318, 2744.4691370862092, 1
22.0, 32359172.868653834, 4676.791276640652, 3097.684878880814, 3052.6551906401846, 1
23.0, 32358004.061908457, 5176.81686945814, 3425.7206947635373, 3393.400527317074, 1
24.0, 32356710.337307826, 5730.2566577564785, 3789.1762306720625, 3770.2298037410633, 1
25.0, 32355278.36128965, 6342.8059738735155, 4191.7935473573125, 4187.03918911499, 1
26.0, 32353693.380961597, 7020.765047662804, 4637.717511411921, 4648.136479324295, 1
27.0, 32351939.073889833, 7771.10271760988, 5131.53798697239, 5158.285405579606, 1
28.0, 32349997.3821872, 8601.5267316257, 5678.33649702364, 5722.754584146569, 1
29.0, 32347848.32930451, 9520.561291694796, 6283.737804973514, 6347.371598819169, 1
30.0, 32345469.817776293, 10537.632555199854, 6953.966911138783, 7038.5827573662555, 1
31.0, 32342837.40600795, 11663.162868149137, 7695.912006307096, 7803.5191175915215, 1
32.0, 32339924.062014405, 12908.674571549816, 8517.19397575864, 8650.069438285302, 1
33.0, 32336699.89183071, 14286.904291515886, 9426.243102156814, 9586.960775618752, 1
34.0, 32333131.84011262, 15811.928695917295, 10432.383674606335, 10623.847516856002, 1
35.0, 32329183.36023023, 17499.30277478878, 11545.927273915811, 11771.409721062699, 1
36.0, 32324814.05093086, 19366.211777363245, 12778.275570579868, 13041.461721193438, 1
37.0, 32319979.2564099, 21431.63801416272, 14142.033541979026, 14447.072033957224, 1
38.0, 32314629.626381718, 23716.543806316513, 15651.134088386603, 16002.695723574916, 1
39.0, 32308710.63248985, 26244.071933880532, 17320.97510296734, 17724.32047329744, 1
40.0, 32302162.037139755, 29039.764997428254, 19168.570128185846, 19629.62773462385, 1
41.0, 32294917.31058378, 32131.805158769035, 21212.713808717643, 21738.170448724293, 1
42.0, 32286902.991842337, 35551.27576250958, 23474.163427462674, 24071.568967683233, 1
43.0, 32278037.988816537, 39332.446354269145, 25975.837884480647, 26653.72694470413, 1
44.0, 32268232.812745977, 43513.082596169275, 28743.035545848263, 29511.069111997, 1
45.0, 32257388.742004447, 48134.78252644808, 31803.672447057157, 32672.80302204031, 1
46.0, 32245396.910123326, 53243.34050628647, 35188.542379162944, 36171.2069912166, 1
47.0, 32232137.312907957, 58889.14002925709, 38931.600409853985, 40041.94665292452, 1
48.0, 32217477.72959268, 65127.57632035043, 43070.27138895381, 44324.42269800846, 1
49.0, 32201272.553197227, 72019.5093019932, 47645.784949979, 49062.15255079338, 1
50.0, 32183361.52563945, 79631.74702958549, 52703.538435666334, 54303.18889529107, 1
51.0, 32163568.373773742, 88037.55907005923, 58293.48903297376, 60100.57812321436, 1
52.0, 32141699.343416855, 97317.21847992981, 64470.57618636513, 66512.86191684147, 1
53.0, 32117541.629659366, 107558.5699947876, 71295.17504849492, 73604.62529734164, 1
54.0, 32090861.7034203, 118857.62072459863, 78833.5813024151, 81447.09455267608, 1
55.0, 32061403.53637465, 131319.14800663036, 87158.52712276705, 90118.78849594174, 1
56.0, 32028886.72917436, 145057.31704197172, 96349.7273042108, 99706.22647944612, 1
57.0, 31993004.55141119, 160196.29846813972, 106494.45363774957, 110304.6964829093, 1
58.0, 31953421.9061686, 176870.8730297847, 117688.1344185411, 122019.08638306176, 1
59.0, 31909773.23742568, 195227.006929444, 130034.97447576078, 134964.78116910128, 1
60.0, 31861660.405166335, 215422.37719787774, 143648.58927433757, 149268.62836143497, 1
61.0, 31808650.56097455, 237626.82145036708, 158652.64439345695, 165069.9731816121, 1
62.0, 31750274.066323407, 262022.6806341062, 175181.48897757917, 182521.76406489237, 1
63.0, 31686022.506841436, 288804.99678539997, 193380.76852072263, 201791.7278524261, 1
64.0, 31615346.868687045, 318181.52039947803, 213407.99852375535, 223063.61238970558, 1
65.0, 31537655.957854208, 350372.47381518956, 235433.0761032676, 246538.49222731867, 1
66.0, 31452315.159767356, 385610.00814647047, 259638.70148748026, 272436.1305986781, 1
67.0, 31358645.65478602, 424137.2819628601, 286220.6754888027, 300996.3877623009, 1
68.0, 31255924.224958576, 466207.0804696147, 315388.0325057234, 332480.6620660692, 1
69.0, 31143383.808057915, 512079.8848631197, 347362.96143724874, 367173.3456416988, 1
70.0, 31020214.97584693, 562021.2935386779, 382380.45921457745, 405383.2713997962, 1
71.0, 30885568.533565704, 616298.6908438746, 420687.65367700486, 447445.1219133997, 1
72.0, 30738559.455304928, 675177.0563139768, 462542.7245632084, 493720.76381787023, 1
73.0, 30578272.383260094, 738913.8093059108, 508213.34391415416, 544600.4635198232, 1
74.0, 30403768.92536151, 807752.592473748, 557974.5508143425, 600503.9313503801, 1
75.0, 30214096.982432615, 881915.9146788986, 612105.9709485108, 661881.1319399577, 1
76.0, 30008302.31934597, 961596.6019664628, 670888.2899432571, 729212.788744294, 1
77.0, 29785442.560764987, 1046948.0464662397, 734598.892130703, 803010.5006380522, 1
78.0, 29544603.73699201, 1138073.2995945462, 803506.5846409979, 883816.3787724295, 1
79.0, 29284919.425436772, 1235013.1293077613, 877865.3421725082, 972202.1030829393, 1
80.0, 29005592.42527355, 1337733.251979976, 957907.0320245421, 1068767.2907219152, 1
81.0, 28705918.76539815, 1446111.0568222408, 1043833.1135349792, 1174137.064244615, 1
82.0, 28385313.67949389, 1559922.2616009181, 1135805.3521717119, 1288958.7067334626, 1
83.0, 28043338.99065262, 1678828.0670332564, 1233935.646841755, 1413897.295472351, 1
84.0, 27679731.139317777, 1802363.5047823454, 1338275.1392749175, 1549630.216624944, 1
85.0, 27294428.87466151, 1929927.7882547397, 1448802.855138552, 1696840.481945185, 1
86.0, 26887599.42803074, 2060777.5611650795, 1565414.214793739, 1856208.7960104258, 1
87.0, 26459661.819327615, 2194023.9786215993, 1687909.842413034, 2028404.359637737, 1
88.0, 26011305.837725643, 2328634.5312806815, 1815985.1886904892, 2214074.442303171, 1
89.0, 25543505.21232071, 2463440.418712477, 1949221.5559076727, 2413832.8130591246, 1
90.0, 25057523.569011908, 2597150.082145395, 2087079.1646337127, 2628247.1842089687, 1
91.0, 24554911.97343252, 2728369.2159779943, 2228892.9182707956, 2857825.892318677, 1
92.0, 24037497.19177232, 2855627.1997533417, 2373871.495145861, 3103004.113328465, 1
93.0, 23507360.253289003, 2977409.448671929, 2521100.320244544, 3364129.9777945094, 1
94.0, 22966805.445353586, 3092194.705447259, 2669548.8361777305, 3641451.013021409, 1
95.0, 22418320.473163597, 3198495.834758289, 2818082.3070771378, 3935101.3850009595, 1
96.0, 21864529.118084125, 3294902.2854673276, 2965478.157669088, 4245090.438779444, 1
97.0, 21308138.27037141, 3380122.1063582143, 3110446.587147316, 4571293.036123044, 1
98.0, 20751881.63449699, 3453021.2810234097, 3251654.9237703355, 4913442.160709249, 1
99.0, 20198462.65932556, 3512658.2130084937, 3387754.925341946, 5271124.202323986, 1
100.0, 19650499.30011622, 3558311.4477576185, 3517412.0080145467, 5643777.2441116, 1
101.0, 19110473.067387175, 3589499.143457323, 3639335.224162286, 6030692.564993201, 1
102.0, 18580684.476821445, 3605989.356508654, 3752306.7270188318, 6431019.4396510525, 1
103.0, 18063216.524550334, 3607800.830799029, 3855209.465027497, 6843773.179623124, 1
104.0, 17559907.229028434, 3595194.607516667, 3947051.9426787337, 7267846.220776149, 1
105.0, 17072331.666947063, 3568657.340723155, 4026989.057858956, 7702021.93447081, 1
106.0, 16601793.34653842, 3528877.661408386, 4094338.261217882, 8144990.730835295, 1
107.0, 16149324.257258859, 3476717.24510655, 4148590.5580653143, 8595367.939569263, 1
108.0, 15715692.544700708, 3413178.3916144646, 4189416.1627283664, 9051712.900956448, 1
109.0, 15301416.500502152, 3339369.925812152, 4216664.894829115, 9512548.678856568, 1
110.0, 14906783.429108094, 3256473.0978150736, 4230361.65578905, 9976381.817287771, 1
111.0, 14531871.94307283, 3165708.9308627825, 4230697.526639811, 10441721.599424567, 1
112.0, 14176576.32373131, 3068308.1730909245, 4218017.175822809, 10907098.327354947, 1
113.0, 13840631.737690594, 2965484.6903796396, 4192803.355234302, 11371080.216695456, 1
114.0, 13523639.294662297, 2858412.822683649, 4155659.2968828175, 11832288.58577123, 1
115.0, 13225090.14445214, 2748208.939250045, 4107289.8078694693, 12289411.108428339, 1
116.0, 12944388.020901237, 2635917.1844881927, 4048481.8073165845, 12741212.987293981, 1
117.0, 12680869.834100366, 2522499.213907251, 3980084.9658935713, 13186545.986098805, 1
118.0, 12433824.0804073, 2408827.5800115815, 3902993.007234015, 13624355.332347099, 1
119.0, 12202506.978384614, 2295682.3380926107, 3818126.12037993, 14053684.56314284, 1
120.0, 11986156.34700734, 2183750.395122641, 3726414.8214853806, 14473678.436384631, 1
121.0, 11784003.322148064, 2073627.113479379, 3628785.4976245267, 14883584.066748023, 1
122.0, 11595282.061767023, 1965819.69663287, 3526147.7701133797, 15282750.471486721, 1
123.0, 11419237.623513738, 1860751.918267655, 3419383.732019408, 15670626.726199193, 1
124.0, 11255132.214855202, 1758769.8026139173, 3309339.045809548, 16046758.936721329, 1
125.0, 11102250.019427998, 1660147.9162673317, 3196815.8325442877, 16410786.231760379, 1
126.0, 10959900.797651412, 1565095.986017689, 3082567.2429906446, 16762435.97334025, 1
127.0, 10827422.447747517, 1473765.6099210544, 2967293.5722622033, 17101518.37006922, 1
128.0, 10704182.697611762, 1386256.8778380987, 2851639.7615320715, 17427920.663018063, 1
129.0, 10589580.080325697, 1302624.761593317, 2736194.121294392, 17741601.03678659, 1
130.0, 10483044.327873522, 1222885.1731376476, 2621488.108859853, 18042582.390128974, 1
131.0, 10384036.299777282, 1147020.6214752046, 2507996.9966439526, 18330946.082103558, 1
132.0, 10292047.546533603, 1074985.4258479297, 2396141.275884072, 18606825.75173439, 1
133.0, 10206599.592296211, 1006710.4641890682, 2286288.651433078, 18870401.29208164, 1
134.0, 10127243.007392345, 942107.4527138968, 2178756.496154476, 19121893.043739278, 1
135.0, 10053556.329042723, 881072.7653254312, 2073814.6473155709, 19361556.25831627, 1
136.0, 9985144.878037281, 823490.8108893369, 1971688.4415523948, 19589675.869520985, 1
137.0, 9921639.51000776, 769236.9929616831, 1872561.8989388065, 19806561.598091748, 1
138.0, 9862695.332204793, 718180.2807711296, 1776580.9800490586, 20012543.406975016, 1
139.0, 9807990.41018716, 670185.4226384899, 1683856.8523939336, 20207967.314780414, 1
140.0, 9757224.483416343, 625114.833972004, 1594469.114067905, 20393191.568543747, 1
141.0, 9710117.704276875, 582830.1918534759, 1508468.9327784318, 20568583.171091218, 1
142.0, 9666409.41137833, 543193.7673169732, 1425882.0676078512, 20734514.753696844, 1
143.0, 9625856.945015997, 506069.5249529787, 1346711.7488973148, 20891361.781133708, 1
144.0, 9588234.510266, 471324.0176346995, 1270941.3985868862, 21039500.073512413, 1
145.0, 9553332.091271544, 438827.10210739414, 1198537.179264091, 21179303.62735697, 1
146.0, 9520954.41875778, 408452.49901980156, 1129450.3651463983, 21311142.71707602, 1
147.0, 9490919.991623124, 380078.2187946258, 1063619.532340126, 21435382.25724212, 1
148.0, 9463060.152534937, 353586.87259518105, 1000972.5690703439, 21552380.405799534, 1
149.0, 9437218.216757096, 328865.8855919116, 941428.509253717, 21662487.388397273, 1
150.0, 9413248.652914202, 305807.6277951625, 884899.1948754515, 21766044.52441518, 1
151.0, 9391016.314017123, 284309.4759175326, 831290.77421386, 21863383.43585148, 1
152.0, 9370395.71680851, 264273.81806993834, 780505.0441065426, 21954825.421015006, 1
153.0, 9351270.367311234, 245608.0115832123, 732440.6452388242, 22040680.975866724, 1
154.0, 9333532.130358096, 228224.30287995108, 686994.1199189529, 22121249.446842995, 1
155.0, 9317080.640831849, 212039.71709436615, 644060.8420397012, 22196818.80003408, 1
156.0, 9301822.75433797, 196975.92404375022, 603535.8289598285, 22267665.492658447, 1
157.0, 9287672.035058336, 182959.0861851271, 565314.4449125036, 22334054.43384403, 1
158.0, 9274548.278583812, 169919.69333517842, 529293.0052966014, 22396239.022784404, 1
159.0, 9262377.067591231, 157792.38818082798, 495369.2908609058, 22454461.25336703, 1
160.0, 9251089.358310057, 146515.7859521447, 463442.98037606454, 22508951.87536173, 1
161.0, 9240621.095812015, 136032.2910590288, 433416.00992585416, 22559930.603203095, 1
162.0, 9230912.856250139, 126287.91299946368, 405192.86645545135, 22607606.36429494, 1
163.0, 9221909.514269171, 117232.08342150845, 378680.822704275, 22652177.57960504, 1
164.0, 9213559.933905544, 108817.47585585961, 353790.1201360804, 22693832.470102508, 1
165.0, 9205816.681390451, 100999.82932356499, 330434.1059684995, 22732749.383317478, 1
166.0, 9198635.758362923, 93737.77675782426, 308529.32990523434, 22769097.134974014, 1
167.0, 9191976.354090495, 86992.67895388328, 287995.6056920275, 22803035.361263588, 1
168.0, 9185800.615382409, 80728.4645715648, 268756.04215630976, 22834714.87788971, 1
169.0, 9180073.432963964, 74911.47655627679, 250737.04795284948, 22864278.042526904, 1
170.0, 9174762.243160455, 69510.32521223847, 233868.3138255836, 22891859.11780172, 1
171.0, 9169836.843814865, 64495.74805247881, 218082.7758101195, 22917584.63232253, 1
172.0, 9165269.223435184, 59840.47646065476, 203316.5624425108, 22941573.737661645, 1
173.0, 9161033.402634902, 55519.10912706331, 189508.92870770823, 22963938.55953032, 1
174.0, 9157105.286993895, 51507.99216290005, 176602.17915503038, 22984784.54168817, 1
175.0, 9153462.530526817, 47785.105750683906, 164541.58232727172, 23004210.781395223, 1
176.0, 9150084.40900221, 44329.95715294335, 153275.27839361964, 23022310.355451223, 1
177.0, 9146951.702408165, 41123.479874116965, 142754.18164319237, 23039170.63607452, 1
178.0, 9144046.585909529, 38147.93875075511, 132931.87928443993, 23054873.596055273, 1
179.0, 9141352.528687615, 35386.84073131038, 123764.52780450952, 23069496.10277656, 1
180.0, 9138854.200096315, 32824.85109803227, 115210.74797059085, 23083110.200835057, 1
181.0, 9136537.38260848, 30447.714878847983, 107231.51940084447, 23095783.383111823, 1
182.0, 9134388.891063798, 28242.18319585606, 99790.07549442684, 23107578.850245915, 1
183.0, 9132396.49776411, 26195.944298536753, 92851.79938704731, 23118555.7585503, 1
184.0, 9130548.862994513, 24297.559033444242, 86384.12148916286, 23128769.456482876, 1
185.0, 9128835.470578646, 22536.40050752792, 80356.41906713747, 23138271.709846683, 1
186.0, 9127246.568104656, 20902.59770894191, 74739.91824232884, 23147110.91594407, 1
187.0, 9125773.111484302, 19386.982856917035, 69507.59870805137, 23155332.306950726, 1
188.0, 9124406.713531965, 17981.04226071386, 64634.10139870486, 23162978.142808612, 1
189.0, 9123139.596272776, 16676.870476622073, 60095.6392881294, 23170087.89396247, 1
190.0, 9121964.546710009, 15467.127561232981, 55869.91144459213, 23176698.414284162, 1
191.0, 9120874.87580135, 14344.999228634437, 51936.020426943316, 23182844.104543068, 1
192.0, 9119864.380411655, 13304.15972863574, 48274.393069674275, 23188557.066790033, 1
193.0, 9118927.308026573, 12338.737272523407, 44866.704673205015, 23193867.250027698, 1
194.0, 9118058.324027028, 11443.281842096729, 41695.806589123305, 23198802.58754175, 1
195.0, 9117252.481338933, 10612.735226771718, 38745.65716773958, 23203389.126266554, 1
196.0, 9116505.192285951, 9842.403142325116, 36001.25601671658, 23207651.148555007, 1
197.0, 9115812.202485584, 9127.929293340083, 33448.58150423024, 23211611.286716845, 1
198.0, 9115169.56664039, 8465.271249585958, 31074.53142771255, 23215290.630682312, 1
199.0, 9114573.626086887, 7850.67801439827, 28866.86675935496, 23218708.82913936, 1
200.0, 9114020.987974616, 7280.669170610978, 26814.15837188487, 23221884.184482887, 1
201.0, 9113508.505957104, 6752.015496725565, 24905.736642374904, 23224833.741903793, 1
202.0, 9113033.262285018, 6261.720952780329, 23131.64382774542, 23227573.372934453, 1
203.0, 9112592.55119974, 5807.00594181104, 21482.589102941012, 23230117.853755504, 1
204.0, 9112183.863532996, 5385.291758876887, 19949.90615129648, 23232480.938556828, 1
205.0, 9111804.872424982, 4994.186145371511, 18525.513196173262, 23234675.42823347, 1
206.0, 9111453.420079809, 4631.4698717578785, 17201.875363382333, 23236713.23468505, 1
207.0, 9111127.505482936, 4295.084276968798, 15971.969265071652, 23238605.44097502, 1
208.0, 9110825.273010785, 3983.119697514389, 14829.249697520308, 23240362.35759418, 1
209.0, 9110545.001867708, 3693.8047238463005, 13767.618347537633, 23241993.575060908, 1
210.0, 9110285.096290285, 3425.4962257591496, 12781.394404818515, 23243508.013079137, 1
211.0, 9110044.076463185, 3176.670092575778, 11865.286980572037, 23244913.966463666, 1
212.0, 9109820.570094945, 2945.912637577693, 11014.369235947448, 23246219.14803153, 1
213.0, 9109613.30460573, 2731.9126196186944, 10224.054127166839, 23247430.72864748, 1
214.0, 9109421.099882632, 2533.453838110987, 9490.071677783959, 23248555.37460147, 1
215.0, 9109242.861561282, 2349.4082606116476, 8808.447692077594, 23249599.282486025, 1
216.0, 9109077.57479555, 2178.7296450753356, 8175.483827216525, 23250568.211732153, 1
217.0, 9108924.29847989, 2020.4476214883362, 7587.738945468482, 23251467.514953148, 1
218.0, 9108782.159891436, 1873.6622000707173, 7042.011671339781, 23252302.16623715, 1
219.0, 9108650.349721357, 1737.538675538355, 6535.324082102518, 23253076.787520997, 1
220.0, 9108528.117467228, 1611.3028990651685, 6064.9064636732255, 23253795.67317003, 1
221.0, 9108414.76716014, 1494.23689158791, 5628.18306723549, 23254462.812881034, 1
222.0, 9108309.65340227, 1385.6747739605853, 5222.758805336658, 23255081.91301843, 1
223.0, 9108212.177692354, 1284.9989912019016, 4846.40682942599, 23255656.41648702, 1
224.0, 9108121.785018118, 1191.6368096953365, 4497.056933931003, 23256189.521238256, 1
225.0, 9108037.960696321, 1105.0570677054402, 4172.784734985025, 23256684.19750099, 1
226.0, 9107960.22744237, 1024.767160973183, 3871.8015748185503, 23257143.203821838, 1
227.0, 9107888.142652871, 950.3102464545801, 3592.445105607675, 23257569.10199507, 1
228.0, 9107821.295885606, 881.2626484769845, 3333.1705092338357, 23257964.270956688, 1
229.0, 9107759.306522638, 817.2314527125486, 3092.5423119503225, 23258330.919712704, 1
230.0, 9107701.821603198, 757.8522744141485, 2869.2267553736815, 23258671.09936702, 1
231.0, 9107648.51381404, 702.7871883310027, 2661.9846875237995, 23258986.71431011, 1
232.0, 9107599.079625815, 651.7228086243404, 2469.664939827515, 23259279.53262574, 1
233.0, 9107553.237564864, 604.368507942544, 2291.1981580797687, 23259551.19576912, 1
234.0, 9107510.726610575, 560.4547655946377, 2125.591057326778, 23259803.22756651, 1
235.0, 9107471.304709205, 519.7316354849565, 1971.9210725008654, 23260037.042582817, 1
236.0, 9107434.747395672, 481.96732514419455, 1829.3313784001189, 23260253.95390079, 1
237.0, 9107400.846515505, 446.9468778163812, 1697.0262542717255, 23260455.180352416, 1
238.0, 9107369.409039652, 414.4709501410666, 1574.2667698295782, 23260641.853240386, 1
239.0, 9107340.255965415, 384.35467850823073, 1460.3667710184973, 23260815.022585068, 1
240.0, 9107313.221297234, 356.42662766310036, 1354.6891452331395, 23260975.66292988, 1
241.0, 9107288.151101539, 330.52781560189044, 1256.6423470133175, 23261124.678735856, 1
242.0, 9107264.902630279, 306.5108092300151, 1165.6771664729229, 23261262.909394026, 1
243.0, 9107243.343508136, 284.23888565390826, 1081.2837238807936, 23261391.133882336, 1
244.0, 9107223.350978792, 263.58525434844637, 1002.9886749024151, 23261510.07509196, 1
245.0, 9107204.811205981, 244.4323357861324, 930.3526120349773, 23261620.4038462, 1
246.0, 9107187.618625317, 226.67109243357322, 862.9676487285467, 23261722.742633525, 1
247.0, 9107171.675343215, 210.2004083171425, 800.4551735864075, 23261817.669074886, 1
248.0, 9107156.890579509, 194.92651363470694, 742.4637628812541, 23261905.71914398, 1
249.0, 9107143.180150548, 180.76245114543937, 688.6672404140793, 23261987.390157897, 1
250.0, 9107130.465989873, 167.62758130646765, 638.7628744823285, 23262063.14355434, 1
251.0, 9107118.675703708, 155.4471233447364, 592.4697024160972, 23262133.407470535, 1
252.0, 9107107.742158758, 144.15172965621719, 549.5269737886239, 23262198.579137802, 1
253.0, 9107097.603099959, 133.67709111363047, 509.69270401271433, 23262259.027104918, 1
254.0, 9107088.200796004, 123.96357103920306, 472.74233060056486, 23262315.093302358, 1
255.0, 9107079.481710624, 114.95586576165715, 438.46746489310874, 23262367.094958723, 1
256.0, 9107071.396197755, 106.60268982752909, 406.6747325587838, 23262415.32637986, 1
257.0, 9107063.89821886, 98.85648407689456, 377.1846966226542, 23262460.060600445, 1
258.0, 9107056.94508079, 91.67314492341929, 349.8308572171582, 23262501.550917074, 1
259.0, 9107050.49719269, 85.01177329909402, 324.45872264731975, 23262540.03231137, 1
260.0, 9107044.517840572, 78.83444183572601, 300.924946737885, 23262575.72277086, 1
261.0, 9107038.972978266, 73.10597895887885, 279.0965277792265, 23262608.824515, 1
262.0, 9107033.831033567, 67.79376866606191, 258.85006471463123, 23262639.525133055, 1
263.0, 9107029.062728463, 62.86756485011356, 240.07106651526865, 23262667.998640172, 1
264.0, 9107024.640912428, 58.29931911140174, 222.65331097215534, 23262694.406457487, 1
265.0, 9107020.540407827, 54.063021079150566, 206.4982493981487, 23262718.898321696, 1
266.0, 9107016.737866558, 50.134550333323894, 191.51445397867087, 23262741.613129128, 1
267.0, 9107013.21163711, 46.49153908446144, 177.6171047386824, 23262762.679719064, 1
268.0, 9107009.941641275, 43.113244830041566, 164.72751330650533, 23262782.217600584, 1
269.0, 9107006.909259832, 39.980432262685156, 152.7726808534857, 23262800.33762705, 1
270.0, 9107004.097226523, 37.07526375813777, 141.68488777316625, 23262817.142621942, 1
271.0, 9107001.489529744, 34.38119781977191, 131.40131283553168, 23262832.727959596, 1
272.0, 9106999.071321374, 31.882894901613106, 121.86367971185058, 23262847.182104006, 1
273.0, 9106996.828832231, 29.566130073870784, 113.01792891447768, 23262860.587108776, 1
274.0, 9106994.74929367, 27.417712033884825, 104.81391333444864, 23262873.019080956, 1
275.0, 9106992.820864882, 25.42540800150265, 97.20511568850482, 23262884.54861142, 1
276.0, 9106991.032565469, 23.577874071384507, 90.14838630698416, 23262895.241174147, 1
277.0, 9106989.374212923, 21.864590625786473, 83.60369980542389, 23262905.15749664, 1
278.0, 9106987.83636465, 20.27580244016797, 77.53392928631473, 23262914.353903618, 1
279.0, 9106986.4102642, 18.8024631406767, 71.90463681376413, 23262922.88263584, 1
280.0, 9106985.087791413, 17.436183697330986, 66.68387899336685, 23262930.79214589, 1
281.0, 9106983.861416182, 16.16918465968761, 61.84202657281482, 23262938.127372578, 1
282.0, 9106982.724155571, 14.994251863083768, 57.35159705614051, 23262944.9299955, 1
283.0, 9106981.669534065, 13.90469535329502, 53.18709939638604, 23262951.238671176, 1
284.0, 9106980.691546686, 12.894311295769764, 49.32488989830476, 23262957.08925211, 1
285.0, 9106979.784624813, 11.95734665258905, 45.743038524786314, 23262962.51499, 1
286.0, 9106978.943604467, 11.088466426054726, 42.42120485838005, 23262967.546724238, 1
287.0, 9106978.163696913, 10.282723282418873, 39.34052302288407, 23262972.213056773, 1
288.0, 9106977.440461384, 9.535529382816158, 36.48349491975272, 23262976.540514305, 1
289.0, 9106976.769779805, 8.842630261025281, 33.83389118032264, 23262980.553698745, 1
290.0, 9106976.14783334, 8.200080599337447, 31.376659277813765, 23262984.275426775, 1
291.0, 9106975.57108065, 7.604221764615177, 29.097838282959508, 23262987.726859298, 1
292.0, 9106975.036237724, 7.051660976645227, 26.98447978417393, 23262990.92762151, 1
293.0, 9106974.540259192, 6.539251990181745, 25.024574527575066, 23262993.895914286, 1
294.0, 9106974.080320967, 6.064077180693296, 23.2069843641378, 23262996.648617484, 1
295.0, 9106973.65380418, 5.623430931818626, 21.521379120921782, 23262999.201385763, 1
296.0, 9106973.258280259, 5.214804229946843, 19.95817804087045, 23263001.568737466, 1
297.0, 9106972.891497105, 4.835870378210047, 18.508495461257098, 23263003.764137052, 1
298.0, 9106972.551366271, 4.4844717485494945, 17.164090424602854, 23263005.800071552, 1
299.0, 9106972.235951064, 4.158607496426424, 15.91731993793912, 23263007.688121498, 1
300.0, 9106971.943455521, 3.8564221682293316, 14.761095616754794, 23263009.43902669, 1
301.0, 9106971.672214182, 3.5761951365119287, 13.68884346896856, 23263011.06274721, 1
302.0, 9106971.420682611, 3.316330802909199, 12.694466591903224, 23263012.56851999, 1
303.0, 9106971.187428595, 3.0753495129497135, 11.772310571609886, 23263013.964911316, 1
304.0, 9106970.971123997, 2.8518791310355445, 10.917131389084606, 23263015.259865478, 1
305.0, 9106970.770537185, 2.6446472276197897, 10.124065652023383, 23263016.46074993, 1
306.0, 9106970.584526025, 2.4524738340973116, 9.38860298385044, 23263017.574397154, 1
307.0, 9106970.412031377, 2.2742647241566134, 8.706560413902807, 23263018.607143484, 1
308.0, 9106970.252071062, 2.1090051833382466, 8.074058623927893, 23263019.56486513, 1
309.0, 9106970.103734273, 1.9557542313248093, 7.487499916513195, 23263020.45301158, 1
310.0, 9106969.966176385, 1.8136392640653094, 6.943547780776191, 23263021.27663657, 1
311.0, 9106969.838614149, 1.681851085227055, 6.43910793965215, 23263022.040426828, 1
312.0, 9106969.72032123, 1.5596392986849619, 5.971310771477882, 23263022.7487287, 1
313.0, 9106969.610624073, 1.4463080358138138, 5.537495006327266, 23263023.405572884, 1
314.0, 9106969.508898066, 1.3412119932552882, 5.135192604752642, 23263024.014697336, 1
315.0, 9106969.414563986, 1.2437527585993333, 4.762114733265357, 23263024.579568524, 1
316.0, 9106969.327084696, 1.1533754030587984, 4.416138757085872, 23263025.103401143, 1
317.0, 9106969.245962095, 1.0695653217364227, 4.095296176443835, 23263025.589176405, 1
318.0, 9106969.170734271, 0.991845303493029, 3.7977614380433216, 23263026.039658986, 1
319.0, 9106969.100972883, 0.9197728137330733, 3.521841558258059, 23263026.457412746, 1
320.0, 9106969.03628071, 0.8529374746360185, 3.265966499213502, 23263026.844815318, 1
321.0, 9106968.976289397, 0.7909587284862196, 3.028680243172967, 23263027.204071634, 1
322.0, 9106968.920657357, 0.7334836707965434, 2.80863251459747, 23263027.53722646, 1
323.0, 9106968.869067822, 0.6801850408877272, 2.604571102915654, 23263027.846176036, 1
324.0, 9106968.821227044, 0.6307593584820099, 2.415334742441877, 23263028.132678855, 1
325.0, 9106968.776862618, 0.5849251957009549, 2.2398465090361976, 23263028.398365676, 1
326.0, 9106968.735721936, 0.5424215746283602, 2.0771076960274524, 23263028.644748792, 1
327.0, 9106968.697570745, 0.5030064813141008, 1.926192134636288, 23263028.87323064, 1
328.0, 9106968.662191812, 0.46645548775775303, 1.7862409266542127, 23263029.085111775, 1
329.0, 9106968.62938369, 0.4325604740256731, 1.656457559471608, 23263029.281598277, 1
330.0, 9106968.598959574, 0.401128443225352, 1.5361033757154023, 23263029.463808607, 1
331.0, 9106968.570746228, 0.3719804225895918, 1.4244933717679336, 23263029.63277998, 1
332.0, 9106968.544583006, 0.344950444413345, 1.3209923013037725, 23263029.78947425, 1
333.0, 9106968.520320935, 0.3198846010407373, 1.225011061711466, 23263029.934783403, 1
334.0, 9106968.49782187, 0.29664016852142544, 1.1360033428720302, 23263030.06953462, 1
335.0, 9106968.4769577, 0.275084793946442, 1.0534625192546707, 23263030.194494985, 1
336.0, 9106968.457609626, 0.255095741836264, 0.9769187676709981, 23263030.31037586, 1
337.0, 9106968.43966748, 0.23655919529008065, 0.9059363943097741, 23263030.417836927, 1
338.0, 9106968.423029102, 0.2193696079170429, 0.8401113558621806, 23263030.51748993, 1
339.0, 9106968.407599753, 0.20342910285942528, 0.7790689606494778, 23263030.609902177, 1
340.0, 9106968.393291578, 0.18864691548576956, 0.722461736686933, 23263030.69559976, 1
341.0, 9106968.380023107, 0.1749388765807334, 0.6699674545658354, 23263030.77507055, 1
342.0, 9106968.367718792, 0.16222693308895253, 0.6212872939146384, 23263030.84876697, 1
343.0, 9106968.35630857, 0.15043870368405593, 0.5761441430157483, 23263030.917108573, 1
344.0, 9106968.345727472, 0.13950706663226511, 0.534281021910836, 23263030.98048443, 1
345.0, 9106968.33591525, 0.1293697776038924, 0.49545962002905797, 23263031.039255343, 1
346.0, 9106968.326816035, 0.11996911525657476, 0.45945894002321824, 23263031.0937559, 1
347.0, 9106968.318378014, 0.11125155257221056, 0.4260740401023544, 23263031.144296385, 1
348.0, 9106968.310553143, 0.10316745207620626, 0.3951148677089215, 23263031.19116453, 1
349.0, 9106968.303296866, 0.09567078320362542, 0.36640517790783766, 23263031.234627165, 1
350.0, 9106968.296567867, 0.08871886020293518, 0.33978153033609393, 23263031.274931736, 1
351.0, 9106968.29032783, 0.08227209908498563, 0.31509235900814336, 23263031.312307704, 1
352.0, 9106968.284541227, 0.07629379223330005, 0.2921971096864005, 23263031.346967865, 1
353.0, 9106968.279175108, 0.07074989939231659, 0.27096543991025834, 23263031.379109547, 1
354.0, 9106968.274198918, 0.06560885384347742, 0.2512764771332312, 23263031.408915743, 1
355.0, 9106968.269584322, 0.06084138266553997, 0.23301813074819305, 23263031.436556157, 1
356.0, 9106968.265305048, 0.05642034005568, 0.21608645408706403, 23263031.46218815, 1
357.0, 9106968.261336727, 0.052320552762323856, 0.2003850527654492, 23263031.48595766, 1
358.0, 9106968.257656764, 0.048518676749610565, 0.18582453600626211, 23263031.508000016, 1
359.0, 9106968.254244206, 0.044993064277337264, 0.1723220078207676, 23263031.528440714, 1
360.0, 9106968.251079623, 0.04172364063954643, 0.1598005951521424, 23263031.547396135, 1
361.0, 9106968.248144994, 0.03869178985990937, 0.14818901029686188, 23263031.5649742, 1
362.0, 9106968.24542361, 0.035880248693060134, 0.1374211451141741, 23263031.58127499, 1
363.0, 9106968.242899975, 0.03327300832832758, 0.12743569471472255, 23263031.596391317, 1
364.0, 9106968.24055972, 0.03085522323617057, 0.11817580848705389, 23263031.61040924, 1
365.0, 9106968.23838952, 0.02861312663829149, 0.10958876647625036, 23263031.62340858, 1
0, 32368934, 500, 524, 42, 0.5
1.0, 32368871.502058234, 490.99794176706826, 537.86, 99.64, 0.5
2.0, 32368810.129455186, 482.15783914053645, 548.9081056726908, 158.8046, 0.5
3.0, 32368749.861940715, 473.47678261505087, 557.4767850457915, 219.184491623996, 0.5
4.0, 32368690.679628614, 464.95191480297945, 563.8615186047067, 280.50693797903307, 0.5
5.0, 32368632.562990095, 456.5804295062286, 568.324875375015, 342.5317050255508, 0.5
6.0, 32368575.49284738, 448.3595708043978, 571.1001405031541, 405.04744131680246, 0.5
7.0, 32368519.4503674, 440.28663215899047, 572.394543672836, 467.86845677214944, 0.5
8.0, 32368464.417055625, 432.35895553340526, 572.3921322675596, 530.8318565761614, 0.5
9.0, 32368410.37474999, 424.5739305284365, 571.2563283594051, 593.7949911255929, 0.5
10.0, 32368357.30561492, 416.9289935330161, 569.1322043054369, 656.6331872451275, 0.5
11.0, 32368305.192135487, 409.4216268899352, 566.1485079070601, 719.2377297187255, 0.5
12.0, 32368254.017111655, 402.0493580762857, 562.4194646825442, 781.5140655885021, 0.5
13.0, 32368203.76365263, 394.80975889836907, 558.0463817723733, 843.380206703582, 0.5
14.0, 32368154.415171307, 387.7004447008211, 553.119075299879, 904.765308698543, 0.5
15.0, 32368105.955378827, 380.71907358970793, 547.7171406091097, 965.6084069815297, 0.5
16.0, 32368058.368279222, 373.86334566935057, 541.9110826654359, 1025.8572924485318, 0.5
17.0, 32368011.63816417, 367.1310022926406, 535.763322002955, 1085.4675115417297, 0.5
18.0, 32367965.74960781, 360.5198253246133, 529.3290899104775, 1144.4014769620546, 0.5
19.0, 32367920.687461693, 354.02763641904806, 522.6572250417446, 1202.627676852207, 0.5
20.0, 32367876.436849795, 347.65229630786996, 515.7908822950766, 1260.119971606799, 0.5
21.0, 32367832.98316363, 341.39170410313, 508.7681636146436, 1316.8569686592575, 0.5
22.0, 32367790.312057436, 335.24379661134583, 501.6226793037804, 1372.8214666568683, 0.5
23.0, 32367748.40944347, 329.2065476599876, 494.38404749578706, 1427.9999613802843, 0.5
24.0, 32367707.26148738, 323.2779674358974, 487.0783385866287, 1482.3822066048208, 0.5
25.0, 32367666.854603637, 317.45610183543465, 479.72847068543285, 1535.96082384935, 0.5
26.0, 32367627.175451085, 311.7390318261436, 472.35456147250244, 1588.7309556247476, 0.5
27.0, 32367588.21092854, 306.1248728197406, 464.9742412616657, 1640.6899573867229, 0.5
28.0, 32367549.94817049, 300.6117740562251, 457.6029315361054, 1691.8371239255061, 0.5
29.0, 32367512.37454286, 295.19791799891976, 450.25409275717396, 1742.1734463944777, 0.5
30.0, 32367475.477638844, 289.8815197402477, 442.9394448277303, 1791.7013965977667, 0.5
31.0, 32367439.245274846, 284.6608264180609, 435.66916321953545, 1840.424735528817, 0.5
32.0, 32367403.665486444, 279.53411664233374, 428.45205344316923, 1888.348343482966, 0.5
33.0, 32367368.726524476, 274.49969993204127, 421.29570624427436, 1935.4780693617145, 0.5
34.0, 32367334.416851155, 269.5559161620432, 414.2066356476861, 1981.8205970485847, 0.5
35.0, 32367300.725136288, 264.70113501979887, 407.1904017376128, 2027.38332696983, 0.5
36.0, 32367267.64025353, 259.93375547174037, 400.2517198543066, 2072.1742711609672, 0.5
37.0, 32367235.15127673, 255.2522052391349, 393.39455770279176, 2116.2019603449407, 0.5
38.0, 32367203.247476336, 250.65494028326972, 386.62222170468095, 2159.475361692248, 0.5
39.0, 32367171.918315858, 246.1404442997958, 379.9374337776736, 2202.003806079763, 0.5
40.0, 32367141.1534484, 241.70722822206952, 373.34239959700034, 2243.796923795307, 0.5
41.0, 32367110.942713253, 237.35382973333435, 366.83886927708625, 2284.864587750977, 0.5
42.0, 32367081.276132546, 233.07881278758703, 360.4281913084736, 2325.2168633714564, 0.5
43.0, 32367052.143907968, 228.8807671389756, 354.11136049316644, 2364.8639644153886, 0.5
44.0, 32367023.536417525, 224.75830787957912, 347.88906053979167, 2403.8162140696368, 0.5
45.0, 32366995.444212392, 220.71007498542102, 341.7617019071944, 2442.0840107290137, 0.5
46.0, 32366967.858013783, 216.73473287057232, 335.7294554203182, 2479.6777979388053, 0.5
47.0, 32366940.7687099, 212.83096994920086, 329.79228212457497, 2516.6080380350404, 0.5
48.0, 32366914.167352945, 208.99749820542738, 323.94995979360743, 2552.885189068744, 0.5
49.0, 32366888.045156136, 205.23305277085018, 318.2021064596867, 2588.519684646041, 0.5
50.0, 32366862.39349085, 201.53639150960367, 312.5482012953528, 2623.521916356606, 0.5
51.0, 32366837.203883763, 197.9062946108173, 306.9876031387373, 2657.902218499095, 0.5
52.0, 32366812.468014058, 194.3415641883448, 301.5195669228231, 2691.670854844356, 0.5
53.0, 32366788.17771068, 190.84102388763466, 296.14325824024587, 2724.8380072058667, 0.5
54.0, 32366764.324949652, 187.4035184996165, 290.85776624975057, 2757.413765612294, 0.5
55.0, 32366740.901851423, 184.02791358147837, 285.66211510772314, 2789.4081198997665, 0.5
56.0, 32366717.900678277, 180.71309508421427, 280.555274088025, 2820.830952561616, 0.5
57.0, 32366695.313831776, 177.45796898682107, 275.53616653538484, 2851.692032711299, 0.5
58.0, 32366673.13385026, 174.2614609370279, 270.6036777816079, 2882.0010110301914, 0.5
59.0, 32366651.353406385, 171.12251589844223, 265.75666213962603, 2911.767415586168, 0.5
60.0, 32366629.965304706, 168.0400978039989, 260.9939490777444, 2941.000648421527, 0.5
61.0, 32366608.96247931, 165.0131892156006, 256.31434866516435, 2969.709982820079, 0.5
62.0, 32366588.337991476, 162.0407909898401, 251.71665636982715, 2997.904561173247, 0.5
63.0, 32366568.085027404, 159.12192194969657, 247.1996572806933, 3025.5933933739284, 0.5
64.0, 32366548.196895953, 156.25561856209967, 242.7621298186236, 3052.7853556748046, 0.5
65.0, 32366528.66702644, 153.44093462125815, 238.40284899295526, 3079.4891899548534, 0.5
66.0, 32366509.488966476, 150.6769409376498, 234.12058925457012, 3105.7135033440786, 0.5
67.0, 32366490.656379826, 147.962725032573, 229.9141269906513, 3131.4667681620813, 0.5
68.0, 32366472.16304434, 145.2973908381609, 225.78224270133762, 3156.757322131053, 0.5
69.0, 32366454.002849888, 142.68005840276138, 221.72372289404748, 3181.5933688282003, 0.5
70.0, 32366436.169796336, 140.10986360158708, 217.73736172729713, 3205.9829783465457, 0.5
71.0, 32366418.65799159, 137.58595785254266, 213.8219624323214, 3229.9340881365483, 0.5
72.0, 32366401.461649634, 135.10750783713672, 209.97633853767965, 3253.454504004104, 0.5
73.0, 32366384.575088624, 132.6736952263881, 206.19931491924544, 3276.5519012432487, 0.5
74.0, 32366367.992729023, 130.2837164116381, 202.48972869550192, 3299.2338258843656, 0.5
75.0, 32366351.70909175, 127.93678224018097, 198.84642998586096, 3321.507696040871, 0.5
76.0, 32366335.718796372, 125.63211775562743, 195.26828254776214, 3343.3808033393157, 0.5
77.0, 32366320.016559348, 123.36896194291654, 191.754164306563, 3364.8603144195695, 0.5
78.0, 32366304.597192254, 121.14656747789368, 188.30296779067817, 3385.9532724932915, 0.5
79.0, 32366289.4556001, 118.96420048137314, 184.9136004830424, 3406.6665989502662, 0.5
80.0, 32366274.586779635, 116.82114027760538, 181.58498509874408, 3427.007095003401, 0.5
81.0, 32366259.985817697, 114.71667915707091, 178.3160597975798, 3446.9814433642628, 0.5
82.0, 32366245.64788959, 112.6501221435234, 175.10577833930716, 3466.5962099419967, 0.5
83.0, 32366231.568257503, 110.6207867652064, 171.95311018850722, 3485.8578455593206, 0.5
84.0, 32366217.74226893, 108.62800283016954, 168.85704057519595, 3504.7726876800566, 0.5
85.0, 32366204.16535515, 106.67111220561081, 165.81657051663862, 3523.3469621433283, 0.5
86.0, 32366190.83302971, 104.7494686011735, 162.83071680521073, 3541.5867849001584, 0.5
87.0, 32366177.740886945, 102.86243735612706, 159.89851196660535, 3559.4981637487317, 0.5
88.0, 32366164.884600528, 101.00939523036268, 157.01900419220493, 3577.0870000650584, 0.5
89.0, 32366152.259922042, 99.18973019913577, 154.19125724900425, 3594.359090526201, 0.5
90.0, 32366139.86267957, 97.40284125148811, 151.4143503700902, 3611.3201288235914, 0.5
91.0, 32366127.688776333, 95.64813819228449, 148.68737812834308, 3627.9757073643013, 0.5
92.0, 32366115.734189317, 93.92504144779895, 146.00945029572202, 3644.331318958419, 0.5
93.0, 32366103.994967964, 92.23298187478744, 143.37969169022784, 3660.3923584909485, 0.5
94.0, 32366092.467232857, 90.5714005729848, 140.7972420123974, 3676.1641245768737, 0.5
95.0, 32366081.147174448, 88.93974870096461, 138.26125567297052, 3691.6518211982375, 0.5
96.0, 32366070.03105179, 87.33748729530222, 135.7709016131817, 3706.860559322264, 0.5
97.0, 32366059.115191307, 85.76408709298167, 133.32536311895996, 3721.795358499714, 0.5
98.0, 32366048.39598559, 84.21902835698873, 130.92383763017074, 3736.4611484427996, 0.5
99.0, 32366037.869892184, 82.70180070503318, 128.56553654590132, 3750.8627705821186, 0.5
100.0, 32366027.533432446, 81.21190294134419, 126.24968502667191, 3765.0049796021676, 0.5
101.0, 32366017.383190375, 79.74884289148417, 123.9755217943502, 3778.8924449551014, 0.5
102.0, 32366007.415811494, 78.31213724012696, 121.74229893045393, 3792.52975235248, 0.5
103.0, 32365997.62800174, 76.9013113717474, 119.54928167344214, 3805.9214052348298, 0.5
104.0, 32365988.01652637, 75.5158992141703, 117.39574821552338, 3819.0718262189084, 0.5
105.0, 32365978.578208912, 74.15544308492767, 115.28098949944217, 3831.985358522616, 0.5
106.0, 32365969.309930097, 72.81949354037383, 113.20430901564819, 3844.6662673675546, 0.5
107.0, 32365960.208626833, 71.50760922750936, 111.16502260020034, 3857.118741359276, 0.5
108.0, 32365951.271291204, 70.2193567384652, 109.16245823371214, 3869.346893845298, 0.5
109.0, 32365942.49496946, 68.95431046759937, 107.19595584160433, 3881.354764251006, 0.5
110.0, 32365933.87676106, 67.71205247115972, 105.26486709589457, 3893.1463193935824, 0.5
111.0, 32365925.4138177, 66.4921723294665, 103.36855521872201, 3904.725454774131, 0.5
112.0, 32365917.103342373, 65.29426701156991, 101.5063947877763, 3916.0959958481903, 0.5
113.0, 32365908.94258846, 64.11794074233825, 99.6777715437754, 3927.261699274846, 0.5
114.0, 32365900.928858805, 62.96280487193304, 97.88208220011447, 3938.226254144661, 0.5
115.0, 32365893.059504833, 61.828477747628654, 96.1187342547883, 3948.9932831866736, 0.5
116.0, 32365885.331925675, 60.71458458793417, 94.38714580467249, 3959.5663439547, 0.5
117.0, 32365877.743567307, 59.620757358976434, 92.6867453622331, 3969.9489299932143, 0.5
118.0, 32365870.29192171, 58.54663465310374, 91.01697167472109, 3980.1444719830597, 0.5
119.0, 32365862.974526037, 57.49186156967038, 89.3772735458956, 3990.156338867279, 0.5
120.0, 32365855.788961805, 56.456089597963036, 87.76710966030994, 3999.9878389573273, 0.5
121.0, 32365848.732854087, 55.438976502230574, 86.18594841018455, 4009.642221019961, 0.5
122.0, 32365841.80387074, 54.44018620877956, 84.63326772488321, 4019.1226753450815, 0.5
123.0, 32365834.999721628, 53.45938869509857, 83.10855490300153, 4028.4323347948184, 0.5
124.0, 32365828.31815786, 52.496259880974826, 81.61130644707046, 4037.5742758341485, 0.5
125.0, 32365821.756971054, 51.55048152156752, 80.1410279008721, 4046.5515195433263, 0.5
126.0, 32365815.313992616, 50.62174110240275, 78.69723368936033, 4055.3670326124225, 0.5
127.0, 32365808.987093005, 49.70973173625559, 77.27944696117429, 4064.0237283182523, 0.5
128.0, 32365802.774181042, 48.81415206188549, 75.88719943372966, 4072.5244674839814, 0.5
129.0, 32365796.673203215, 47.934706144591736, 74.52003124086903, 4080.8720594216916, 0.5
130.0, 32365790.682143003, 47.07110337855646, 73.17749078305005, 4089.0692628581874, 0.5
131.0, 32365784.79902021, 46.22305839094294, 71.8591345800481, 4097.118786844323, 0.5
132.0, 32365779.0218903, 45.39029094771791, 70.56452712614765, 4105.023291648128, 0.5
133.0, 32365773.348843783, 44.57252586116685, 69.29324074779507, 4112.785389632005, 0.5
134.0, 32365767.778005548, 43.76949289907191, 68.04485546368447, 4120.407646114262, 0.5
135.0, 32365762.307534266, 42.98092669552264, 66.81895884724646, 4127.892580215267, 0.5
136.0, 32365756.93562178, 42.206566663330285, 65.61514589150909, 4135.2426656884645, 0.5
137.0, 32365751.660492502, 41.44615690801679, 64.43301887629933, 4142.460331736531, 0.5
138.0, 32365746.480402827, 40.69944614335033, 63.272187237752796, 4149.547963812924, 0.5
139.0, 32365741.393640563, 39.9661876083996, 62.132267440099085, 4156.507904409076, 0.5
140.0, 32365736.39852436, 39.24613898607958, 61.01288284968932, 4163.342453827487, 0.5
141.0, 32365731.493403148, 38.539062323162035, 59.91366361123288, 4170.053870940953, 0.5
142.0, 32365726.676655605, 37.844723951724475, 58.83424652620943, 4176.644373938188, 0.5
143.0, 32365721.94668962, 37.1628944120117, 57.77427493342298, 4183.116141056072, 0.5
144.0, 32365717.301941756, 36.49334837668468, 56.73339859166413, 4189.471311298748, 0.5
145.0, 32365712.740876738, 35.83586457643173, 55.711273564446984, 4195.711985143831, 0.5
146.0, 32365708.261986952, 35.19022572691762, 54.70756210678755, 4201.84022523592, 0.5
147.0, 32365703.863791943, 34.55621845704657, 53.721932553990136, 4207.858057067667, 0.5
148.0, 32365699.54483792, 33.93363323851556, 52.75405921240888, 4213.767469648606, 0.5
149.0, 32365695.30369729, 33.322264316634744, 51.80362225215163, 4219.570416161971, 0.5
150.0, 32365691.13896817, 32.72190964239221, 50.87030760169372, 4225.268814609707, 0.5
151.0, 32365687.049273927, 32.13237080574086, 49.953806844369495, 4230.864548445893, 0.5
152.0, 32365683.033262737, 31.55345297008524, 49.053817116709794, 4236.359467198774, 0.5
153.0, 32365679.089607123, 30.98496480794701, 48.170041008593905, 4241.755387081612, 0.5
154.0, 32365675.217003524, 30.426718437787724, 47.302186465185, 4247.054091592558, 0.5
155.0, 32365671.414171863, 29.878529361968177, 46.4499666906183, 4252.257332103728, 0.5
156.0, 32365667.67985512, 29.340216405823917, 45.613100053411735, 4257.366828439696, 0.5
157.0, 32365664.01281892, 28.811601657836853, 44.791309993569264, 4262.384269445572, 0.5
158.0, 32365660.41185113, 28.29251041088329, 43.98432493134732, 4267.311313544864, 0.5
159.0, 32365656.87576145, 27.782771104538977, 43.191878177655425, 4272.149589287312, 0.5
160.0, 32365653.403381016, 27.28221526842234, 42.4137078460624, 4276.900695886854, 0.5
161.0, 32365649.993562035, 26.79067746655705, 41.64955676637993, 4281.5662037499205, 0.5
162.0, 32365646.645177383, 26.30799524273573, 40.8991723997958, 4286.147654994223, 0.5
163.0, 32365643.35712024, 25.834009066866784, 40.16230675552947, 4290.6465639582, 0.5
164.0, 32365640.128303725, 25.36856228228669, 39.43871630898318, 4295.064417701308, 0.5
165.0, 32365636.95766055, 24.911501054020366, 38.72816192136203, 4299.402676495296, 0.5
166.0, 32365633.844142634, 24.462674317972628, 38.03040876073712, 4303.662774306646, 0.5
167.0, 32365630.786720794, 24.02193373103395, 37.345226224526115, 4307.846119270327, 0.5
168.0, 32365627.784384377, 23.589133622084134, 36.6723878633661, 4311.954094155025, 0.5
169.0, 32365624.83614095, 23.16413094387773, 36.01167130635386, 4315.988056819995, 0.5
170.0, 32365621.941015944, 22.746785225795364, 35.362858187629456, 4319.949340663694, 0.5
171.0, 32365619.098052356, 22.336958527445383, 34.725734074278954, 4323.839255064333, 0.5
172.0, 32365616.306310423, 21.934515393100586, 34.10008839553296, 4327.659085812504, 0.5
173.0, 32365613.564867307, 21.53932280695499, 33.48571437323772, 4331.410095536013, 0.5
174.0, 32365610.8728168, 21.15125014918584, 32.88240895357613, 4335.093524117069, 0.5
175.0, 32365608.229269028, 20.770169152806535, 32.28997274001633, 4338.710589101963, 0.5
176.0, 32365605.63335013, 20.395953861296043, 31.708209927465866, 4342.262486103365, 0.5
177.0, 32365603.084202003, 20.028480586991044, 31.136928237609954, 4345.750389195386, 0.5
178.0, 32365600.580981996, 19.667627870226937, 30.575938855412577, 4349.175451301523, 0.5
179.0, 32365598.12286264, 19.31327643921434, 30.025056366759646, 4352.538804575618, 0.5
180.0, 32365595.709031377, 18.96530917063778, 29.484098697223736, 4355.841560775962, 0.5
181.0, 32365593.338690285, 18.62361105096367, 28.95288705193033, 4359.084811632656, 0.5
182.0, 32365591.011055816, 18.288069138444744, 28.431245856505797, 4362.269629208368, 0.5
183.0, 32365588.725358542, 17.95857252580846, 27.919002699087756, 4365.3970662525835, 0.5
184.0, 32365586.480842892, 17.63501230361708, 27.41598827337871, 4368.468156549483, 0.5
185.0, 32365584.27676691, 17.317281524287292, 26.922036322724292, 4371.483915259555, 0.5
186.0, 32365582.11240201, 17.005275166757595, 26.4369835851977, 4374.445339255055, 0.5
187.0, 32365579.987032726, 16.69889010179172, 25.96066973967229, 4377.353407449426, 0.5
188.0, 32365577.899956487, 16.398025057906683, 25.492937352864555, 4380.20908112079, 0.5
189.0, 32365575.850483373, 16.102580587914247, 25.033631827330108, 4383.013304229605, 0.5
190.0, 32365573.837935902, 15.812459036064705, 24.58260135039553, 4385.767003730611, 0.5
191.0, 32365571.86164879, 15.527564505782218, 24.13969684400928, 4388.4710898791545, 0.5
192.0, 32365569.920968745, 15.247802827981008, 23.704771915495115, 4391.126456531995, 0.5
193.0, 32365568.015254237, 14.973081529951997, 23.277682809191937, 4393.7339814427, 0.5
194.0, 32365566.143875305, 14.70330980480961, 22.85828835896396, 4396.294526551711, 0.5
195.0, 32365564.306213327, 14.438398481488658, 22.4464499415657, 4398.808938271197, 0.5
196.0, 32365562.50166083, 14.178259995281419, 22.04203143084635, 4401.278047764769, 0.5
197.0, 32365560.729621287, 13.922808358905197, 21.644899152778493, 4403.702671222162, 0.5
198.0, 32365558.989508916, 13.67195913409081, 21.2549218412963, 4406.083610128968, 0.5
199.0, 32365557.28074849, 13.425629403682628, 20.871970594928694, 4408.42165153151, 0.5
200.0, 32365555.602775145, 13.183737744240965, 20.495918834213153, 4410.717568296953, 0.5
201.0, 32365553.955034193, 12.946204199137785, 20.126642259876164, 4412.972119368716, 0.5
202.0, 32365552.33698094, 12.712950252136846, 19.76401881176649, 4415.1860500173025, 0.5
203.0, 32365550.748080503, 12.483898801449557, 19.407928628527745, 4417.3600920865965, 0.5
204.0, 32365549.187807642, 12.258974134257999, 19.058254007996982, 4419.494964235734, 0.5
205.0, 32365547.655646574, 12.03810190169669, 18.714879368316208, 4421.591372176614, 0.5
206.0, 32365546.15109081, 11.821209094284855, 18.37769120974405, 4423.650008907129, 0.5
207.0, 32365544.673642986, 11.608224017801081, 18.046578077154937, 4425.671554940201, 0.5
208.0, 32365543.222814698, 11.399076269592399, 17.72143052321345, 4427.656678528688, 0.5
209.0, 32365541.798126347, 11.193696715309972, 17.40214107221168, 4429.606035886241, 0.5
210.0, 32365540.399106964, 10.99201746606372, 17.08860418455772, 4431.520271404184, 0.5
211.0, 32365539.025294077, 10.793971855988337, 16.780716221903482, 4433.400017864486, 0.5
212.0, 32365537.676233537, 10.599494420213286, 16.47837541290043, 4435.245896648895, 0.5
213.0, 32365536.35147938, 10.408520873229522, 16.181481819571886, 4437.058517944314, 0.5
214.0, 32365535.05059368, 10.220988087645782, 15.8899373042908, 4438.838480944467, 0.5
215.0, 32365533.7731464, 10.03683407332745, 15.603645497352158, 4440.586374047939, 0.5
216.0, 32365532.518715244, 9.855997956911079, 15.322511765129244, 4442.302775052648, 0.5
217.0, 32365531.28688553, 9.678419961687856, 15.046443178803314, 4443.988251346812, 0.5
218.0, 32365530.07725005, 9.504041387849323, 14.775348483656312, 4445.64336009648, 0.5
219.0, 32365528.889408924, 9.332804593088856, 14.509138068916572, 4447.268648429682, 0.5
220.0, 32365527.722969487, 9.164652973552503, 14.247723938147455, 4448.864653617263, 0.5
221.0, 32365526.577546142, 8.999530945132875, 13.991019680169243, 4450.431903250459, 0.5
222.0, 32365525.45276024, 8.837383925099923, 13.738940440504628, 4451.970915415278, 0.5
223.0, 32365524.348239947, 8.678158314062548, 13.491402893338407, 4453.482198863733, 0.5
224.0, 32365523.263620146, 8.521801478255066, 13.248325213982126, 4454.966253182, 0.5
225.0, 32365522.198542282, 8.368261732142692, 13.009627051834567, 4456.423568955538, 0.5
226.0, 32365521.152654264, 8.217488321340308, 12.77522950382917, 4457.8546279312395, 0.5
227.0, 32365520.125610348, 8.069431405838866, 12.545055088359625, 4459.25990317666, 0.5
228.0, 32365519.117071018, 7.924042043533866, 12.319027719675024, 4460.63985923638, 0.5
229.0, 32365518.126702875, 7.78127217405053, 12.097072682736114, 4461.994952285545, 0.5
230.0, 32365517.154178526, 7.641074602860258, 11.879116608524367, 4463.325630280646, 0.5
231.0, 32365516.199176475, 7.5034029856831825, 11.665087449795703, 4464.632333107584, 0.5
232.0, 32365515.261381023, 7.368211813171629, 11.45491445727087, 4465.915492727061, 0.5
233.0, 32365514.34048215, 7.235456395869452, 11.248528156254618, 4467.1755333173605, 0.5
234.0, 32365513.436175432, 7.105092849442256, 11.045860323675942, 4468.412871414548, 0.5
235.0, 32365512.548161924, 6.977078080173656, 10.846843965541831, 4469.627916050153, 0.5
236.0, 32365511.67614807, 6.851369770722748, 10.651413294797063, 4470.821068886362, 0.5
237.0, 32365510.819845594, 6.727926366138122, 10.459503709582737, 4471.992724348789, 0.5
238.0, 32365509.97897143, 6.6067070601237745, 10.271051771886386, 4473.143269756843, 0.5
239.0, 32365509.1532476, 6.4876717815523985, 10.085995186576582, 4474.273085451751, 0.5
240.0, 32365508.342401136, 6.370781181221593, 9.904272780815152, 4475.382544922275, 0.5
241.0, 32365507.546163987, 6.255996618848609, 9.725824483840174, 4476.472014928165, 0.5
242.0, 32365506.76427294, 6.143280150299354, 9.550591307113107, 4477.541855621387, 0.5
243.0, 32365505.996469513, 6.032594515047424, 9.378515324823473, 4478.59242066517, 0.5
244.0, 32365505.242499888, 5.923903123859021, 9.209539654744672, 4479.6240573509, 0.5
245.0, 32365504.502114818, 5.817170046699701, 9.043608439434598, 4480.637106712922, 0.5
246.0, 32365503.775069546, 5.712360000858942, 8.88066682777485, 4481.63190364126, 0.5
247.0, 32365503.06112373, 5.609438339288617, 8.720660956842444, 4482.608776992315, 0.5
248.0, 32365502.360041346, 5.508371039151525, 8.563537934108048, 4483.568049697567, 0.5
249.0, 32365501.671590637, 5.409124690576189, 8.409245819954831, 4484.5100388703195, 0.5
250.0, 32365500.995544013, 5.31166648561421, 8.257733610512195, 4485.435055910514, 0.5
251.0, 32365500.331677984, 5.215964207396526, 8.108951220798685, 4486.343406607671, 0.5
252.0, 32365499.679773092, 5.12198621948501, 7.962849468168534, 4487.2353912419585, 0.5
253.0, 32365499.039613828, 5.0297014554158626, 7.8193800560563504, 4488.111304683457, 0.5
254.0, 32365498.410988566, 4.939079408431363, 7.67849555801462, 4488.971436489624, 0.5
255.0, 32365497.793689497, 4.850090121396591, 7.540149402038697, 4489.816071001005, 0.5
256.0, 32365497.187512554, 4.7627041768977705, 7.404295855174153, 4490.645487435229, 0.5
257.0, 32365496.592257347, 4.676892687518979, 7.270890008401378, 4491.459959979298, 0.5
258.0, 32365496.007727094, 4.5926272862940065, 7.139887761792441, 4492.259757880222, 0.5
259.0, 32365495.43372856, 4.509880117330204, 7.011245809935315, 4493.04514553402, 0.5
260.0, 32365494.870071996, 4.428623826601236, 6.884921627620649, 4493.816382573113, 0.5
261.0, 32365494.316571064, 4.348831552905682, 6.760873455786355, 4494.57372395215, 0.5
262.0, 32365493.773042787, 4.270476918988508, 6.639060287715368, 4495.317420032287, 0.5
263.0, 32365493.23930748, 4.193534022822478, 6.519441855482033, 4496.047716663936, 0.5
264.0, 32365492.715188712, 4.11797742904661, 6.401978616642624, 4496.764855268038, 0.5
265.0, 32365492.200513206, 4.043782160558868, 6.286631741165601, 4497.469072915869, 0.5
266.0, 32365491.695110828, 3.9709236902602965, 6.173363098597302, 4498.160602407397, 0.5
267.0, 32365491.198814496, 3.8993779329478784, 6.062135245458821, 4498.839672348243, 0.5
268.0, 32365490.711460147, 3.8291212373534314, 5.952911412869897, 4499.506507225244, 0.5
269.0, 32365490.23288667, 3.760130378325921, 5.845655494395749, 4500.16132748066, 0.5
270.0, 32365489.762935854, 3.692382549154601, 5.740332034112823, 4500.804349585043, 0.5
271.0, 32365489.301452346, 3.6258553540304446, 5.636906214889521, 4501.435786108796, 0.5
272.0, 32365488.848283585, 3.5605268006433795, 5.535343846878027, 4502.0558457924335, 0.5
273.0, 32365488.40327976, 3.496375292912877, 5.435611356213448, 4502.66473361559, 0.5
274.0, 32365487.96629376, 3.433379623849496, 5.33767577391651, 4503.262650864774, 0.5
275.0, 32365487.537181128, 3.3715189685450233, 5.241504724996172, 4503.849795199904, 0.5
276.0, 32365487.11580001, 3.31077287728889, 5.1470664177485315, 4504.4263607196535, 0.5
277.0, 32365486.702011093, 3.2511212688085966, 5.054329633248504, 4504.992538025605, 0.5
278.0, 32365486.2956776, 3.192544423631904, 4.9632637150307986, 4505.548514285263, 0.5
279.0, 32365485.896665193, 3.1350229775686076, 4.8738385589567725, 4506.094473293916, 0.5
280.0, 32365485.50484197, 3.078537915309731, 4.786024603263838, 4506.630595535401, 0.5
281.0, 32365485.120078396, 3.0230705641420315, 4.699792818794108, 4507.15705824176, 0.5
282.0, 32365484.742247283, 2.968602587775737, 4.615114699399066, 4507.674035451827, 0.5
283.0, 32365484.37122372, 2.915115980283474, 4.531962252517099, 4508.181698068761, 0.5
284.0, 32365484.006885055, 2.8625930601483853, 4.450307989920755, 4508.6802139165375, 0.5
285.0, 32365483.649110842, 2.8110164644194735, 4.37012491863069, 4509.1697477954285, 0.5
286.0, 32365483.29778281, 2.7603691429722317, 4.2913865319932984, 4509.650461536477, 0.5
287.0, 32365482.95278481, 2.710634352872672, 4.214066800919065, 4510.122514054997, 0.5
288.0, 32365482.614002798, 2.661795652842886, 4.1381401652787595, 4510.586061403098, 0.5
289.0, 32365482.281324774, 2.613836897826308, 4.063581525454629, 4511.041256821279, 0.5
290.0, 32365481.95464076, 2.5667422336508867, 3.9903662340437824, 4511.488250789079, 0.5
291.0, 32365481.633842763, 2.520496091788401, 3.918470087711043, 4511.927191074824, 0.5
292.0, 32365481.31882473, 2.4750831842081875, 3.847869319188569, 4512.358222784472, 0.5
293.0, 32365481.00948252, 2.430488498323581, 3.778540589419597, 4512.781488409582, 0.5
294.0, 32365480.705713872, 2.3866972920293947, 3.710460979843713, 4513.197127874419, 0.5
295.0, 32365480.407418363, 2.343695088828803, 3.6436079848211085, 4513.605278582201, 0.5
296.0, 32365480.114497382, 2.3014676730480144, 3.577959504193305, 4514.006075460532, 0.5
297.0, 32365479.82685409, 2.2600010851371577, 3.5134938359779078, 4514.399651005993, 0.5
298.0, 32365479.544393405, 2.219281617055821, 3.4501896691949514, 4514.78613532795, 0.5
299.0, 32365479.267021943, 2.179295807741725, 3.388026076822489, 4515.1656561915615, 0.5
300.0, 32365478.994648013, 2.1400304386610274, 3.3269825088790816, 4515.538339060012, 0.5
301.0, 32365478.72718157, 2.101472529438798, 3.267038785630909, 4515.904307135988, 0.5
302.0, 32365478.464534193, 2.063609333568206, 3.208175090921257, 4516.263681402408, 0.5
303.0, 32365478.206619058, 2.0264283341970133, 3.1503719656201725, 4516.616580662409, 0.5
304.0, 32365477.9533509, 1.989917239989976, 3.0936103011921263, 4516.963121578628, 0.5
305.0, 32365477.704645995, 1.9540639810657887, 3.037871333379559, 4517.303418711759, 0.5
306.0, 32365477.46042212, 1.918856705007226, 2.9831366360002156, 4517.637584558431, 0.5
307.0, 32365477.220598545, 1.8842837729431672, 2.9293881148562253, 4517.965729588391, 0.5
308.0, 32365476.98509598, 1.850333755701202, 2.8766080017529134, 4518.287962281025, 0.5
309.0, 32365476.75383658, 1.8169954300295568, 2.824778848625365, 4518.604389161218, 0.5
310.0, 32365476.52674389, 1.7842577748870792, 2.7738835217708013, 4518.915114834567, 0.5
311.0, 32365476.303742833, 1.752109967800068, 2.7239051961848655, 4519.220242021962, 0.5
312.0, 32365476.084759694, 1.7205413812847352, 2.6748273499999398, 4519.519871593542, 0.5
313.0, 32365475.86972208, 1.68954157933412, 2.6266337590236635, 4519.814102602042, 0.5
314.0, 32365475.658558898, 1.6591003139682976, 2.5793084913758397, 4520.103032315535, 0.5
315.0, 32365475.451200344, 1.6292075218467361, 2.532835902221964, 4520.386756249586, 0.5
316.0, 32365475.24757787, 1.5998533209416885, 2.4872006286016313, 4520.665368198831, 0.5
317.0, 32365475.047624156, 1.5710280072715153, 2.4423875843501133, 4520.938960267978, 0.5
318.0, 32365474.85127311, 1.54272205169286, 2.398381955111428, 4521.207622902256, 0.5
319.0, 32365474.65845981, 1.5149260967506177, 2.3551691934412498, 4521.471444917318, 0.5
320.0, 32365474.46912052, 1.4876309535846552, 2.3127350139980503, 4521.730513528597, 0.5
321.0, 32365474.28319265, 1.4608275988922594, 2.2710653888208707, 4521.984914380137, 0.5
322.0, 32365474.10061473, 1.4345071719453122, 2.230146542692168, 4522.234731572907, 0.5
323.0, 32365473.921326406, 1.408660971661203, 2.189964948584209, 4522.480047692603, 0.5
324.0, 32365473.745268404, 1.383280453726514, 2.1505073231874983, 4522.720943836947, 0.5
325.0, 32365473.572382525, 1.3583572277725247, 2.111760622519765, 4522.957499642498, 0.5
326.0, 32365473.402611613, 1.3338830546016036, 2.0737120376140616, 4523.189793310975, 0.5
327.0, 32365473.23589955, 1.3098498434635717, 2.036348990284544, 4523.417901635113, 0.5
328.0, 32365473.072191216, 1.2862496493811333, 1.999659128968535, 4523.641900024044, 0.5
329.0, 32365472.911432493, 1.2630746705234948, 1.963630324643498, 4523.861862528231, 0.5
330.0, 32365472.75357024, 1.2403172456273002, 1.9282506668175732, 4524.0778618639415, 0.5
331.0, 32365472.598552268, 1.2179698514640331, 1.8935084595923442, 4524.289969437292, 0.5
332.0, 32365472.44632733, 1.1960251003530467, 1.8593922177965432, 4524.498255367847, 0.5
333.0, 32365472.2968451, 1.174475737719399, 1.825890663189409, 4524.702788511805, 0.5
334.0, 32365472.15005617, 1.15331463969569, 1.792992720732448, 4524.903636484756, 0.5
335.0, 32365472.005912002, 1.1325348107671014, 1.7606875149283625, 4525.100865684037, 0.5
336.0, 32365471.86436495, 1.1121293814588682, 1.7289643662259382, 4525.294541310679, 0.5
337.0, 32365471.725368224, 1.0920916060654116, 1.697812787489703, 4525.484727390964, 0.5
338.0, 32365471.58887587, 1.0724148604203856, 1.6672224805331897, 4525.671486797587, 0.5
339.0, 32365471.45484277, 1.0530926397069011, 1.6371833327146539, 4525.854881270446, 0.5
340.0, 32365471.323224604, 1.0341185563071997, 1.607685413594129, 4526.034971437044, 0.5
341.0, 32365471.19397787, 1.0154863376910714, 1.5787189716507044, 4526.21181683254, 0.5
342.0, 32365471.067059837, 0.9971898243423142, 1.55027443105895, 4526.385475919421, 0.5
343.0, 32365470.942428548, 0.9792229677225529, 1.5223423885234166, 4526.556006106837, 0.5
344.0, 32365470.820042804, 0.9615798282717424, 1.4949136101701659, 4526.723463769575, 0.5
345.0, 32365470.699862145, 0.9442545734446958, 1.4679790284943066, 4526.887904266693, 0.5
346.0, 32365470.581846837, 0.9272414757829874, 1.4415297393625244, 4527.049381959828, 0.5
347.0, 32365470.46595787, 0.9105349110215938, 1.415556999069614, 4527.207950231158, 0.5
348.0, 32365470.35215693, 0.8941293562296462, 1.3900522214480444, 4527.3636615010555, 0.5
349.0, 32365470.2404064, 0.8780193879846817, 1.3650069750295988, 4527.516567245415, 0.5
350.0, 32365470.130669337, 0.8621996805797878, 1.3404129802581524, 4527.666718012668, 0.5
351.0, 32365470.02290946, 0.8466650042630481, 1.3162621067526652, 4527.8141634404965, 0.5
352.0, 32365469.917091142, 0.831410223508708, 1.292546370619488, 4527.958952272239, 0.5
353.0, 32365469.813179407, 0.8164302953194879, 1.2692579318130897, 4528.101132373007, 0.5
354.0, 32365469.711139902, 0.801720267559484, 1.2463890915443367, 4528.240750745506, 0.5
355.0, 32365469.610938895, 0.7872752773171041, 1.2239322897354659, 4528.377853545576, 0.5
356.0, 32365469.512543257, 0.7730905492974983, 1.2018801025209105, 4528.5124860974465, 0.5
357.0, 32365469.415920462, 0.7591613942439535, 1.1802252397931525, 4528.644692908724, 0.5
358.0, 32365469.32103857, 0.7454832073877284, 1.158960542792791, 4528.774517685101, 0.5
359.0, 32365469.227866214, 0.7320514669258189, 1.1380789817420291, 4528.902003344809, 0.5
360.0, 32365469.13637259, 0.7188617325261478, 1.1175736535207978, 4529.0271920328005, 0.5
361.0, 32365469.04652745, 0.7059096438596877, 1.0974377793847494, 4529.150125134688, 0.5
362.0, 32365468.958301093, 0.6931909191590295, 1.0776647027243622, 4529.27084329042, 0.5
363.0, 32365468.871664356, 0.680701353802922, 1.0582478868644236, 4529.38938640772, 0.5
364.0, 32365468.786588598, 0.6684368189263125, 1.0391809129031548, 4529.505793675275, 0.5
365.0, 32365468.703045692, 0.6563932600554312, 1.0204574775902704, 4529.620103575694, 0.5
0, 32368934, 500, 524, 42, 0.2
1.0, 32368909.000823293, 453.49917670682726, 537.86, 99.64, 0.2
2.0, 32368886.326628696, 411.3229890357917, 543.5457822690763, 158.8046, 0.2
3.0, 32368865.761186812, 373.06924348756087, 542.5749336515961, 218.5946360495984, 0.2
4.0, 32368847.10837825, 338.3731502293531, 536.2405927686417, 278.277878751274, 0.2
5.0, 32368830.190323316, 306.9038446822279, 525.6414880468886, 337.2643439558246, 0.2
6.0, 32368814.84568564, 278.3612325715021, 511.7081741512895, 395.08490764098235, 0.2
7.0, 32368800.92813359, 252.47312836401485, 495.22593125237245, 451.3728067976242, 0.2
8.0, 32368788.304944783, 228.9926598119736, 476.85473617066555, 505.8476592353852, 0.2
9.0, 32368776.855740383, 207.69591385929388, 457.14666554500457, 558.3016802141584, 0.2
10.0, 32368766.471337095, 188.37980146681952, 436.5610480169331, 608.587813424109, 0.2
11.0, 32368757.05270595, 170.86012099947447, 415.47764434482565, 656.6095287059716, 0.2
12.0, 32368748.510027938, 154.96980171111238, 394.2081007698197, 702.3120695839024, 0.2
13.0, 32368740.761837423, 140.55731057960818, 373.0058913298286, 745.6749606685826, 0.2
14.0, 32368733.73424529, 127.4852073019303, 352.07493869643145, 786.7056087148637, 0.2
15.0, 32368727.360234275, 115.62883367136449, 331.577080084, 825.4338519714712, 0.2
16.0, 32368721.579019893, 104.87512484018741, 311.6385244897651, 861.9073307807112, 0.2
17.0, 32368716.335470747, 95.12153113310855, 292.3554296480377, 896.1875684745853, 0.2
18.0, 32368711.5795828, 86.27504013078556, 273.7987113387881, 928.3466657358695, 0.2
19.0, 32368707.26600249, 78.25128969871024, 256.0181838302238, 958.4645239831361, 0.2
20.0, 32368703.35359426, 70.97376350386867, 239.04611803581474, 986.6265242044608, 0.2
21.0, 32368699.805048235, 64.37306134806241, 222.90029323292833, 1012.9215971884004, 0.2
22.0, 32368696.58652445, 58.386237360132526, 207.58660875007914, 1037.4406294440225, 0.2
23.0, 32368693.66733013, 52.95619973635296, 193.1013137300694, 1060.2751564065313, 0.2
24.0, 32368691.019627, 48.03116630512022, 179.43290578206023, 1081.5163009168389, 0.2
25.0, 32368688.6181658, 43.56417072435729, 166.5637429276658, 1101.2539205528656, 0.2
26.0, 32368686.440045506, 39.51261460284299, 154.47140761920565, 1119.5759322749088, 0.2
27.0, 32368684.464494947, 35.83786127457742, 143.12985666929956, 1136.5677871130215, 0.2
28.0, 32368682.672674708, 32.50486735247216, 132.51038659794116, 1152.3120713466444, 0.2
29.0, 32368681.04749748, 29.481848547898355, 122.58244010357116, 1166.888213872418, 0.2
30.0, 32368679.573465116, 26.739976569369635, 113.3142760345278, 1180.3722822838108, 0.2
31.0, 32368678.236520827, 24.253104209995946, 104.67352232014959, 1192.8368526476088, 0.2
32.0, 32368677.023915134, 21.99751600214349, 96.62762876696256, 1204.3509401028252, 0.2
33.0, 32368675.924084287, 19.95170206153822, 89.1442343909032, 1214.979979267191, 0.2
34.0, 32368674.92653999, 18.096152964180046, 82.19146200270382, 1224.7858450501903, 0.2
35.0, 32368674.021769382, 16.4131737000003, 75.73815105628414, 1233.8269058704877, 0.2
36.0, 32368673.201144315, 14.886714929108456, 69.75403827919293, 1242.158102486679, 0.2
37.0, 32368672.456839077, 13.502219931470087, 64.20989430334421, 1249.83104669739, 0.2
38.0, 32368671.781755768, 12.24648579050984, 59.077623380176576, 1256.894135070758, 0.2
39.0, 32368671.169456605, 11.107537486867534, 54.33033227640006, 1263.3926736425774, 0.2
40.0, 32368670.61410253, 10.074513701646817, 49.94237358661811, 1269.3690101929815, 0.2
41.0, 32368670.110397533, 9.13756324015789, 45.88936795142561, 1274.8626712875096, 0.2
42.0, 32368669.65353814, 8.287751088433424, 42.14820902011137, 1279.9105017621664, 0.2
43.0, 32368669.239167616, 7.516973206655613, 38.697054433545105, 1284.5468047543786, 0.2
44.0, 32368668.863334406, 6.817879246948347, 35.5153056144069, 1288.8034807420686, 0.2
45.0, 32368668.522454463, 6.183802458556066, 32.58357872913575, 1292.7101643596534, 0.2
46.0, 32368668.213277057, 5.608696111970717, 29.88366882050434, 1296.2943580198582, 0.2
47.0, 32368667.93285379, 5.087075835733815, 27.398508794260675, 1299.5815615901138, 0.2
48.0, 32368667.678510465, 4.613967316024795, 25.112124671401936, 1302.5953975574826, 0.2
49.0, 32368667.447821595, 4.184858860287243, 23.00958828373927, 1305.3577312713367, 0.2
50.0, 32368667.238587264, 3.795658372528923, 21.076968389549027, 1307.888785982548, 0.2
51.0, 32368667.04881216, 3.4426543300020294, 19.301281013970268, 1310.2072525053984, 0.2
52.0, 32368666.87668653, 3.1224803891280617, 17.67043967162383, 1312.330393416935, 0.2
53.0, 32368666.72056894, 2.8320832831408778, 16.17320600339052, 1314.2741417808136, 0.2
54.0, 32368666.578970607, 2.568693705312038, 14.799141252506706, 1316.0531944411866, 0.2
55.0, 32368666.450541213, 2.3297999000936676, 13.53855891459059, 1317.6810999789623, 0.2
56.0, 32368666.334056016, 2.113123710337388, 12.382478819699019, 1319.1703414595672, 0.2
57.0, 32368666.228404183, 1.916598852169542, 11.322582840110373, 1320.5324141297342, 0.2
58.0, 32368666.13257819, 1.7383512103463974, 10.351172363558476, 1321.7778982421464, 0.2
59.0, 32368666.04566421, 1.5766809661807732, 9.461127626646578, 1322.9165272021378, 0.2
60.0, 32368665.96683341, 1.430046387607378, 8.645868965879304, 1323.957251241069, 0.2
61.0, 32368665.895334035, 1.2970491268047004, 7.899320013060435, 1324.9082968273156, 0.2
62.0, 32368665.830484252, 1.1764208851677298, 7.2158728367568585, 1325.7772220287522, 0.2
63.0, 32368665.771665633, 1.0670113184651682, 6.590355011292589, 1326.5709680407956, 0.2
64.0, 32368665.718317267, 0.9677770668415218, 6.017998578590923, 1327.2959070920379, 0.2
65.0, 32368665.66993041, 0.8777718050512515, 5.49441085550426, 1327.9578869356828, 0.2
66.0, 32368665.62604363, 0.7961372180413651, 5.01554702952112, 1328.5622721297882, 0.2
67.0, 32368665.58623841, 0.7220948158231885, 4.577684478453713, 1329.1139823030355, 0.2
68.0, 32368665.550135158, 0.6549385095777372, 4.17739874448652, 1329.6175275956655, 0.2
69.0, 32368665.517389584, 0.5940278781984294, 3.811541089462619, 1330.077041457559, 0.2
70.0, 32368665.487689413, 0.5387820610590716, 3.4772175562041068, 1330.4963109773998, 0.2
71.0, 32368665.46075142, 0.48867421876690287, 3.171769459753102, 1330.8788049085822, 0.2
72.0, 32368665.436318718, 0.4432265090769335, 2.8927552324639283, 1331.227699549155, 0.2
73.0, 32368665.414158307, 0.4020055300565328, 2.637933547690898, 1331.545902624726, 0.2
74.0, 32368665.39405886, 0.3646181870450431, 2.4052476482429834, 1331.836075314972, 0.2
75.0, 32368665.375828702, 0.33070794399461984, 2.1928108076836965, 1332.1006525562789, 0.2
76.0, 32368665.359293986, 0.2999514234440598, 1.9988928548297205, 1332.341861745124, 0.2
77.0, 32368665.344297033, 0.2720553227020391, 1.8219076943509518, 1332.5617399591554, 0.2
78.0, 32368665.33069483, 0.2467536168316392, 1.6604017591187388, 1332.762149805534, 0.2
79.0, 32368665.318357658, 0.2238050217630556, 1.513043332822602, 1332.944793999037, 0.2
80.0, 32368665.30716787, 0.2029906933420355, 1.3786126843242328, 1333.1112287656476, 0.2
81.0, 32368665.29701875, 0.18411214037153917, 1.2559929581964782, 1333.2628761609233, 0.2
82.0, 32368665.287813526, 0.1669893317448164, 1.1441617688679957, 1333.4010353863248, 0.2
83.0, 32368665.279464405, 0.15145897961899873, 1.042183448732025, 1333.5268931809003, 0.2
84.0, 32368665.27189177, 0.13737298225707875, 0.9492019034570189, 1333.6415333602608, 0.2
85.0, 32368665.265023403, 0.12459701168878809, 0.8644340305395092, 1333.7459455696412, 0.2
86.0, 32368665.25879381, 0.11300923272192007, 0.7871636598516599, 1333.8410333130005, 0.2
87.0, 32368665.25314358, 0.10249914108823532, 0.7167359775472119, 1333.9276213155842, 0.2
88.0, 32368665.248018835, 0.09296650964418986, 0.6525523971926362, 1334.0064622731145, 0.2
89.0, 32368665.2433707, 0.08432043257716446, 0.5940658443805654, 1334.0782430368056, 0.2
90.0, 32368665.239154853, 0.07647845850248296, 0.5407764233572377, 1334.1435902796875, 0.2
91.0, 32368665.23533109, 0.06936580418419272, 0.49222743635379673, 1334.2030756862569, 0.2
92.0, 32368665.23186294, 0.06291464138143188, 0.44800172835321866, 1334.2572207042558, 0.2
93.0, 32368665.22871734, 0.0570634500195533, 0.4077183319519094, 1334.3065008943747, 0.2
94.0, 32368665.225864284, 0.0517564315176663, 0.3710293887899955, 1334.3513499108894, 0.2
95.0, 32368665.22327657, 0.046942976677925644, 0.3376173257301222, 1334.3921631436563, 0.2
96.0, 32368665.22092952, 0.04257718306221282, 0.3071922655647521, 1334.4293010494866, 0.2
97.0, 32368665.218800746, 0.0386174172537804, 0.2794896535305258, 1334.4630921986989, 0.2
98.0, 32368665.216869954, 0.03502591782946533, 0.2542680823094586, 1334.4938360605872, 0.2
99.0, 32368665.21511873, 0.03176843525630462, 0.23130729950503165, 1334.5218055496412, 0.2
100.0, 32368665.213530373, 0.028813905278507707, 0.21040638280112972, 1334.5472493525867, 0.2
101.0, 32368665.212089736, 0.02613415268011359, 0.19138206914783204, 1334.5703940546948, 0.2
102.0, 32368665.210783083, 0.0237036225983313, 0.17406722537482677, 1334.591446082301, 0.2
103.0, 32368665.20959795, 0.02149913682529346, 0.1583094486151572, 1334.6105934770922, 0.2
104.0, 32368665.208523035, 0.019499672774249098, 0.1439697858335069, 1334.6280075164398, 0.2
105.0, 32368665.207548093, 0.017686163002356037, 0.13092156259853874, 1334.6438441928815, 0.2
106.0, 32368665.20666382, 0.016041313378266864, 0.11904931202203639, 1334.6582455647674, 0.2
107.0, 32368665.20586179, 0.01454943816050417, 0.10824779551270455, 1334.67134098909, 0.2
108.0, 32368665.205134347, 0.013196310413886874, 0.09842110766325915, 1334.6832482465963, 0.2
109.0, 32368665.204474557, 0.011969026337537214, 0.08948185820948647, 1334.6940745684394, 0.2
110.0, 32368665.20387613, 0.010855882210662783, 0.08135042457271077, 1334.7039175728426, 0.2
111.0, 32368665.20333336, 0.009846262782634481, 0.07395426902583736, 1334.7128661195457, 0.2
112.0, 32368665.202841066, 0.008930540043017314, 0.06722731501091198, 1334.7210010891386, 0.2
113.0, 32368665.202394556, 0.008099981406196999, 0.061109377585863135, 1334.7283960937898, 0.2
114.0, 32368665.201989572, 0.0073466664350255815, 0.05554564339250436, 1334.7351181253243, 0.2
115.0, 32368665.201622255, 0.006663411309339687, 0.050486195919537534, 1334.7412281460975, 0.2
116.0, 32368665.2012891, 0.006043700319062283, 0.04588558218562398, 1334.7467816276487, 0.2
117.0, 32368665.200986926, 0.005481623728587212, 0.04170241729083125, 1334.7518290416892, 0.2
118.0, 32368665.200712856, 0.004971821419904068, 0.03789902358202778, 1334.7564163075913, 0.2
119.0, 32368665.200464275, 0.0045094317770286345, 0.034441101451051004, 1334.7605852001852, 0.2
120.0, 32368665.200238813, 0.004090045324286686, 0.03129742903555049, 1334.7643737213448, 0.2
121.0, 32368665.20003432, 0.0037096626763329634, 0.02843958832301293, 1334.7678164385386, 0.2
122.0, 32368665.199848846, 0.0033646563989050927, 0.02584171537019712, 1334.770944793254, 0.2
123.0, 32368665.19968062, 0.003051736416606008, 0.023480272544518864, 1334.7737873819449, 0.2
124.0, 32368665.19952804, 0.002767918637833933, 0.021333840872196447, 1334.7763702119248, 0.2
125.0, 32368665.199389648, 0.002510496497658559, 0.01938293074146509, 1334.7787169344208, 0.2
126.0, 32368665.199264128, 0.0022770151472684087, 0.0176098093590691, 1334.7808490568023, 0.2
127.0, 32368665.199150283, 0.0020652480438528077, 0.015998343495630885, 1334.7827861358317, 0.2
128.0, 32368665.199047025, 0.0018731757176731006, 0.014533856181382438, 1334.784545953616, 0.2
129.0, 32368665.19895337, 0.0016989665138400166, 0.013202996129057624, 1334.786144677796, 0.2
130.0, 32368665.198868427, 0.0015409591251454489, 0.011993618766340407, 1334.7875970073703, 0.2
131.0, 32368665.19879138, 0.0013976467493768882, 0.010894677856938761, 1334.7889163054347, 0.2
132.0, 32368665.198721502, 0.0012676627200342812, 0.009896126777836394, 1334.7901147199989, 0.2
133.0, 32368665.19865812, 0.001149767473419843, 0.008988828601239294, 1334.7912032939444, 0.2
134.0, 32368665.198600635, 0.0010428367278153899, 0.008164474203802008, 1334.7921920650906, 0.2
135.0, 32368665.198548496, 0.0009458507620205518, 0.007415507693461387, 1334.7930901572531, 0.2
136.0, 32368665.198501207, 0.0008578846910090353, 0.006735058506149573, 1334.7939058630993, 0.2
137.0, 32368665.198458314, 0.0007780996459689031, 0.006116879581287412, 1334.794646719535, 0.2
138.0, 32368665.19841941, 0.0007057347746172937, 0.00555529107671935, 1334.7953195762889, 0.2
139.0, 32368665.198384125, 0.0006400999855023638, 0.005045129131050495, 1334.7959306583073, 0.2
140.0, 32368665.19835212, 0.0005805693671001111, 0.004581699224561778, 1334.7964856225117, 0.2
141.0, 32368665.198323093, 0.0005265752189487598, 0.004160733729355298, 1334.7969896094264, 0.2
142.0, 32368665.198296767, 0.00047760263789995534, 0.003778353275435888, 1334.7974472901367, 0.2
143.0, 32368665.198272888, 0.0004331846078597598, 0.0034310315923576336, 1334.7978629089969, 0.2
144.0, 32368665.19825123, 0.00039289754619385817, 0.0031155635161222396, 1334.798240322472, 0.2
145.0, 32368665.198231585, 0.0003563572643262635, 0.002829035878454515, 1334.798583034459, 0.2
146.0, 32368665.198213767, 0.0003232153040106701, 0.002568801020623174, 1334.7988942284055, 0.2
147.0, 32368665.198197607, 0.0002931556143361252, 0.002332452696828151, 1334.7991767965177, 0.2
148.0, 32368665.198182948, 0.000265891537778024, 0.00211780415302712, 1334.7994333663144, 0.2
149.0, 32368665.198169652, 0.00024116307655257672, 0.0019228681860963945, 1334.7996663247711, 0.2
150.0, 32368665.198157594, 0.00021873441320594583, 0.0017458390055728097, 1334.7998778402716, 0.2
151.0, 32368665.198146656, 0.00019839166179370617, 0.0015850757360482508, 1334.8000698825622, 0.2
152.0, 32368665.198136736, 0.0001799408282052513, 0.0014390874127194432, 1334.800244240893, 0.2
153.0, 32368665.19812774, 0.0001632059601822359, 0.0013065193357536553, 1334.8004025405085, 0.2
154.0, 32368665.19811958, 0.00014802746938911678, 0.0011861406611268128, 1334.8005462576355, 0.2
155.0, 32368665.19811218, 0.0001342606095345936, 0.0010768331165255073, 1334.8006767331083, 0.2
156.0, 32368665.198105466, 0.00012177409603089297, 0.0009775807408711483, 1334.800795184751, 0.2
157.0, 32368665.19809938, 0.00011044885402758544, 0.0008874605551077396, 1334.8009027186324, 0.2
158.0, 32368665.198093858, 0.00010017688288083853, 0.0008056340801718329, 1334.8010003392935, 0.2
159.0, 32368665.19808885, 9.086022622937063e-05, 0.0007313396256048911, 1334.8010889590423, 0.2
160.0, 32368665.19808431, 8.241003785546452e-05, 0.0006638852791391531, 1334.8011694064012, 0.2
161.0, 32368665.19808019, 7.474573442283279e-05, 0.0006026425338471777, 1334.801242433782, 0.2
162.0, 32368665.198076453, 6.77942270116085e-05, 0.0005470404951464533, 1334.8013087244606, 0.2
163.0, 32368665.198073063, 6.14892241221662e-05, 0.0004965606151430034, 1334.8013688989151, 0.2
164.0, 32368665.19806999, 5.577059950102463e-05, 0.0004507319065267429, 1334.8014235205828, 0.2
165.0, 32368665.1980672, 5.05838187602439e-05, 0.0004091265925374477, 1334.8014731010926, 0.2
166.0, 32368665.19806467, 4.5879419322400884e-05, 0.00037135615344104333, 1334.8015181050177, 0.2
167.0, 32368665.198062375, 4.1612538731754175e-05, 0.00033706773352563187, 1334.8015589541947, 0.2
168.0, 32368665.198060296, 3.774248683344319e-05, 0.00030594087587645317, 1334.8015960316454, 0.2
169.0, 32368665.198058408, 3.423235774090388e-05, 0.0002776845551472257, 1334.8016296851417, 0.2
170.0, 32368665.198056698, 3.1048677891114775e-05, 0.0002520344812379802, 1334.8016602304428, 0.2
171.0, 32368665.198055144, 2.816108683143081e-05, 0.00022875064924023178, 1334.8016879542358, 0.2
172.0, 32368665.198053736, 2.5542047693899727e-05, 0.00020761511324070088, 1334.8017131168072, 0.2
173.0, 32368665.19805246, 2.3166584596064036e-05, 0.00018842996360445146, 1334.8017359544697, 0.2
174.0, 32368665.1980513, 2.1012044464029777e-05, 0.00017101548920519895, 1334.8017566817657, 0.2
175.0, 32368665.19805025, 1.9057881006480975e-05, 0.00015520850775098332, 1334.8017754934694, 0.2
176.0, 32368665.198049296, 1.7285458779556145e-05, 0.00014086084888230194, 1334.8017925664053, 0.2
177.0, 32368665.19804843, 1.567787547409527e-05, 0.00012783797611072526, 1334.8018080610987, 0.2
178.0, 32368665.19804765, 1.4219800730539197e-05, 0.0001160177349313411, 1334.801822123276, 0.2
179.0, 32368665.198046938, 1.2897329944375732e-05, 0.00010528921559336067, 1334.8018348852268, 0.2
180.0, 32368665.198046293, 1.1697851667980671e-05, 9.555172006013673e-05, 1334.8018464670404, 0.2
181.0, 32368665.19804571, 1.0609927344361001e-05, 8.671382364204292e-05, 1334.8018569777296, 0.2
182.0, 32368665.19804518, 9.623182225907943e-06, 7.869252265166183e-05, 1334.8018665162501, 0.2
183.0, 32368665.1980447, 8.728206437930869e-06, 7.141246021828387e-05, 1334.8018751724276, 0.2
184.0, 32368665.198044263, 7.916465243486555e-06, 6.480522311489674e-05, 1334.801883027798, 0.2
185.0, 32368665.198043868, 7.180217653764317e-06, 5.8808703102076686e-05, 1334.8018901563726, 0.2
186.0, 32368665.19804351, 6.5124426078731484e-06, 5.336651688533655e-05, 1334.8018966253298, 0.2
187.0, 32368665.198043186, 5.906772018060849e-06, 4.842747932087539e-05, 1334.8019024956468, 0.2
188.0, 32368665.198042892, 5.357430041865823e-06, 4.39451249941618e-05, 1334.8019078226696, 0.2
189.0, 32368665.198042624, 4.859178002083972e-06, 3.9877273740790816e-05, 1334.8019126566332, 0.2
190.0, 32368665.19804238, 4.407264429292219e-06, 3.618563608360183e-05, 1334.8019170431335, 0.2
191.0, 32368665.19804216, 3.9973797505203625e-06, 3.283545492779442e-05, 1334.8019210235534, 0.2
192.0, 32368665.19804196, 3.625615191969857e-06, 2.979518019006144e-05, 1334.8019246354534, 0.2
193.0, 32368665.198041778, 3.2884255038644865e-06, 2.703617334160637e-05, 1334.8019279129232, 0.2
194.0, 32368665.198041614, 2.982595151966779e-06, 2.453243912108229e-05, 1334.8019308869023, 0.2
195.0, 32368665.198041465, 2.7052076533530997e-06, 2.226038192449449e-05, 1334.8019335854706, 0.2
196.0, 32368665.19804133, 2.453617764024882e-06, 2.0198584607229588e-05, 1334.8019360341125, 0.2
197.0, 32368665.198041208, 2.2254262531293616e-06, 1.832760764068989e-05, 1334.8019382559569, 0.2
198.0, 32368665.198041096, 2.0184570232297864e-06, 1.66298067544115e-05, 1334.8019402719938, 0.2
199.0, 32368665.198040996, 1.8307363584376762e-06, 1.5089167365748096e-05, 1334.8019421012725, 0.2
200.0, 32368665.198040903, 1.6604741025115642e-06, 1.3691154254772394e-05, 1334.801943761081, 0.2
201.0, 32368665.19804082, 1.5060465874313638e-06, 1.2422575083406584e-05, 1334.801945267108, 0.2
202.0, 32368665.198040746, 1.3659811496505165e-06, 1.1271456486234545e-05, 1334.8019466335913, 0.2
203.0, 32368665.19804068, 1.2389420863686149e-06, 1.022693157714877e-05, 1334.8019478734516, 0.2
204.0, 32368665.198040616, 1.1237179178996263e-06, 9.279137822013117e-06, 1334.801948998414, 0.2
205.0, 32368665.19804056, 1.019209834666134e-06, 8.419124323851322e-06, 1334.8019500191192, 0.2
206.0, 32368665.198040508, 9.244212186469344e-07, 7.638767654584934e-06, 1334.8019509452229, 0.2
207.0, 32368665.198040463, 8.38448139351611e-07, 6.930695446847103e-06, 1334.8019517854873, 0.2
208.0, 32368665.198040422, 7.604707336890701e-07, 6.288217031621202e-06, 1334.8019525478637, 0.2
209.0, 32368665.198040385, 6.897453875260738e-07, 5.7052604730604065e-06, 1334.8019532395676, 0.2
210.0, 32368665.19804035, 6.255976443769508e-07, 5.17631541143999e-06, 1334.8019538671463, 0.2
211.0, 32368665.19804032, 5.674157735997836e-07, 4.696381179327495e-06, 1334.8019544365409, 0.2
212.0, 32368665.19804029, 5.146449367636128e-07, 4.260919705226239e-06, 1334.8019549531427, 0.2
213.0, 32368665.198040266, 4.6678189655551713e-07, 3.865812763608549e-06, 1334.801955421844, 0.2
214.0, 32368665.198040243, 4.233702177702465e-07, 3.507323170819048e-06, 1334.8019558470835, 0.2
215.0, 32368665.19804022, 3.8399591461771185e-07, 3.182059563170098e-06, 1334.801956232889, 0.2
216.0, 32368665.198040202, 3.4828350283985354e-07, 2.88694442701172e-06, 1334.8019565829156, 0.2
217.0, 32368665.198040184, 3.158924189887806e-07, 2.61918508094653e-06, 1334.8019569004796, 0.2
218.0, 32368665.19804017, 2.8651377271942586e-07, 2.3762473379578074e-06, 1334.80195718859, 0.2
219.0, 32368665.198040154, 2.5986740112568e-07, 2.1558316002813264e-06, 1334.8019574499772, 0.2
220.0, 32368665.198040143, 2.356991970293385e-07, 1.9558511626113527e-06, 1334.8019576871186, 0.2
221.0, 32368665.19804013, 2.1377868574368518e-07, 1.7744125198992994e-06, 1334.8019579022623, 0.2
222.0, 32368665.19804012, 1.938968272030586e-07, 1.6097974947717235e-06, 1334.8019580974476, 0.2
223.0, 32368665.19804011, 1.758640224989002e-07, 1.4604470166368713e-06, 1334.8019582745253, 0.2
224.0, 32368665.1980401, 1.5950830581206025e-07, 1.3249464000241582e-06, 1334.8019584351746, 0.2
225.0, 32368665.198040094, 1.4467370449912713e-07, 1.2020119837526255e-06, 1334.8019585809186, 0.2
226.0, 32368665.198040087, 1.3121875169410914e-07, 1.0904790052832118e-06, 1334.80195871314, 0.2
227.0, 32368665.19804008, 1.1901513724122654e-07, 9.892905961943161e-07, 1334.8019588330928, 0.2
228.0, 32368665.198040072, 1.0794648409373555e-07, 8.974877952384367e-07, 1334.8019589419148, 0.2
229.0, 32368665.19804007, 9.790723851018444e-08, 8.142004849876128e-07, 1334.8019590406384, 0.2
230.0, 32368665.198040064, 8.8801663464706e-08, 7.386391667459317e-07, 1334.8019591302004, 0.2
231.0, 32368665.19804006, 8.054292567222817e-08, 6.700874962793322e-07, 1334.8019592114508, 0.2
232.0, 32368665.198040057, 7.305226752222245e-08, 6.078955100597343e-07, 1334.8019592851604, 0.2
233.0, 32368665.198040053, 6.62582560243211e-08, 5.514734782088413e-07, 1334.801959352029, 0.2
234.0, 32368665.19804005, 6.009610160354023e-08, 5.002863262173467e-07, 1334.801959412691, 0.2
235.0, 32368665.198040046, 5.4507040248951916e-08, 4.538485728627449e-07, 1334.8019594677226, 0.2
236.0, 32368665.198040042, 4.9437773123803467e-08, 4.117197366034431e-07, 1334.8019595176459, 0.2
237.0, 32368665.19804004, 4.483995829305116e-08, 3.7350016713376823e-07, 1334.801959562935, 0.2
238.0, 32368665.198040035, 4.066974972128116e-08, 3.3882726278496003e-07, 1334.80195960402, 0.2
239.0, 32368665.19804003, 3.688737914477439e-08, 3.0737203808875763e-07, 1334.8019596412912, 0.2
240.0, 32368665.19804003, 3.345677683033141e-08, 2.78836009116697e-07, 1334.8019596751021, 0.2
241.0, 32368665.19804003, 3.034522760430848e-08, 2.5294836720059773e-07, 1334.8019597057742, 0.2
242.0, 32368665.19804003, 2.75230588716625e-08, 2.2946341435594806e-07, 1334.8019597335986, 0.2
243.0, 32368665.19804003, 2.4963357649868004e-08, 2.081582361954415e-07, 1334.8019597588395, 0.2
244.0, 32368665.19804003, 2.2641713919263275e-08, 1.8883059035787407e-07, 1334.801959781737, 0.2
245.0, 32368665.19804003, 2.0535987842343434e-08, 1.7129699050896256e-07, 1334.8019598025082, 0.2
246.0, 32368665.19804003, 1.862609863213923e-08, 1.553909678144318e-07, 1334.801959821351, 0.2
247.0, 32368665.19804003, 1.689383305627187e-08, 1.409614934592402e-07, 1334.801959838444, 0.2
248.0, 32368665.19804003, 1.532267175052565e-08, 1.2787154730577065e-07, 1334.8019598539497, 0.2
249.0, 32368665.19804003, 1.3897631685616348e-08, 1.1599681916246105e-07, 1334.8019598680155, 0.2
250.0, 32368665.19804003, 1.2605123284875015e-08, 1.0522453038563346e-07, 1334.8019598807753, 0.2
251.0, 32368665.19804003, 1.1432820830281752e-08, 9.54523646729509e-08, 1334.80195989235, 0.2
252.0, 32368665.19804003, 1.0369544921005537e-08, 8.65874979376566e-08, 1334.8019599028496, 0.2
253.0, 32368665.19804003, 9.405155863542192e-09, 7.854571808821817e-08, 1334.8019599123743, 0.2
254.0, 32368665.19804003, 8.530456976789331e-09, 7.12506263870007e-08, 1334.8019599210143, 0.2
255.0, 32368665.19804003, 7.737106889948708e-09, 6.463291283211149e-08, 1334.8019599288518, 0.2
256.0, 32368665.19804003, 7.017539996904452e-09, 5.86296987058419e-08, 1334.8019599359613, 0.2
257.0, 32368665.19804003, 6.364894308508152e-09, 5.318394006775663e-08, 1334.8019599424106, 0.2
258.0, 32368665.19804003, 5.772946014750169e-09, 4.824388654642006e-08, 1334.801959948261, 0.2
259.0, 32368665.19804003, 5.23605013278394e-09, 4.376259030642313e-08, 1334.8019599535678, 0.2
260.0, 32368665.19804003, 4.749086674806397e-09, 3.969746054170469e-08, 1334.8019599583818, 0.2
261.0, 32368665.19804003, 4.307411822436486e-09, 3.6009859276614485e-08, 1334.8019599627485, 0.2
262.0, 32368665.19804003, 3.906813641977167e-09, 3.266473464679531e-08, 1334.8019599667095, 0.2
263.0, 32368665.19804003, 3.5434719182493387e-09, 2.9630288186450557e-08, 1334.8019599703027, 0.2
264.0, 32368665.19804003, 3.2139217239620336e-09, 2.687767297025065e-08, 1334.8019599735621, 0.2
265.0, 32368665.19804003, 2.915020377206292e-09, 2.438071975004965e-08, 1334.8019599765187, 0.2
266.0, 32368665.19804003, 2.6439174719702328e-09, 2.211568849148469e-08, 1334.8019599792005, 0.2
267.0, 32368665.19804003, 2.398027695878015e-09, 2.0061042955913117e-08, 1334.8019599816332, 0.2
268.0, 32368665.19804003, 2.1750061759351185e-09, 1.8197246191273228e-08, 1334.8019599838399, 0.2
269.0, 32368665.19804003, 1.9727261171701454e-09, 1.6506574993391893e-08, 1334.8019599858417, 0.2
270.0, 32368665.19804003, 1.7892585209290408e-09, 1.4972951578874114e-08, 1334.8019599876575, 0.2
271.0, 32368665.19804003, 1.6228537894097628e-09, 1.3581790873690813e-08, 1334.8019599893046, 0.2
272.0, 32368665.19804003, 1.4719250410131614e-09, 1.2319861969470419e-08, 1334.8019599907987, 0.2
273.0, 32368665.19804003, 1.3350329774006215e-09, 1.1175162433693554e-08, 1334.8019599921538, 0.2
274.0, 32368665.19804003, 1.2108721579465484e-09, 1.0136804281755551e-08, 1334.801959993383, 0.2
275.0, 32368665.19804003, 1.0982585506950702e-09, 9.194910529348797e-09, 1334.801959994498, 0.2
276.0, 32368665.19804003, 9.961182411034344e-10, 8.340521343869825e-09, 1334.8019599955094, 0.2
277.0, 32368665.19804003, 9.034771908955499e-10, 7.565508904521935e-09, 1334.8019599964268, 0.2
278.0, 32368665.19804003, 8.194519493632628e-10, 6.862500163322587e-09, 1334.801959997259, 0.2
279.0, 32368665.19804003, 7.432412285357661e-10, 6.2248067741160495e-09, 1334.801959998014, 0.2
280.0, 32368665.19804003, 6.741182618756245e-10, 5.646361524643898e-09, 1334.8019599986985, 0.2
281.0, 32368665.19804003, 6.114238736318229e-10, 5.121660668381285e-09, 1334.8019599993197, 0.2
282.0, 32368665.19804003, 5.545601927572718e-10, 4.645711608788694e-09, 1334.8019599998831, 0.2
283.0, 32368665.19804003, 5.029849514449446e-10, 4.213985439386227e-09, 1334.8019600003943, 0.2
284.0, 32368665.19804003, 4.562063139119101e-10, 3.822373889110369e-09, 1334.801960000858, 0.2
285.0, 32368665.19804003, 4.1377818611711085e-10, 3.4671502641976317e-09, 1334.8019600012783, 0.2
286.0, 32368665.19804003, 3.752959616850595e-10, 3.144934015750639e-09, 1334.8019600016596, 0.2
287.0, 32368665.19804003, 3.4039266346740176e-10, 2.8526585965390324e-09, 1334.8019600020054, 0.2
288.0, 32368665.19804003, 3.087354439472097e-10, 2.5875423017955773e-09, 1334.8019600023192, 0.2
289.0, 32368665.19804003, 2.800224111128908e-10, 2.347061817082515e-09, 1334.801960002604, 0.2
290.0, 32368665.19804003, 2.5397974953236813e-10, 2.1289282219925817e-09, 1334.801960002862, 0.2
291.0, 32368665.19804003, 2.3035910917329771e-10, 1.9310652217565265e-09, 1334.8019600030962, 0.2
292.0, 32368665.19804003, 2.089352370683886e-10, 1.7515893999750902e-09, 1334.8019600033085, 0.2
293.0, 32368665.19804003, 1.8950382924073197e-10, 1.5887923048786099e-09, 1334.801960003501, 0.2
294.0, 32368665.19804003, 1.7187958240450317e-10, 1.4411241989233876e-09, 1334.801960003676, 0.2
295.0, 32368665.19804003, 1.558944268615154e-10, 1.307179317325659e-09, 1334.8019600038344, 0.2
296.0, 32368665.19804003, 1.4139592374203747e-10, 1.1856824954610333e-09, 1334.8019600039781, 0.2
297.0, 32368665.19804003, 1.2824581130551987e-10, 1.075477038055431e-09, 1334.8019600041087, 0.2
298.0, 32368665.19804003, 1.1631868643835074e-10, 9.75513714886023e-10, 1334.8019600042269, 0.2
299.0, 32368665.19804003, 1.055008087750388e-10, 8.848407784092447e-10, 1334.8019600043342, 0.2
300.0, 32368665.19804003, 9.568901603859207e-11, 8.025949084390582e-10, 1334.8019600044315, 0.2
301.0, 32368665.19804003, 8.678974025647758e-11, 7.279929978042805e-10, 1334.8019600045197, 0.2
302.0, 32368665.19804003, 7.871811547052539e-11, 6.603247009024859e-10, 1334.8019600045998, 0.2
303.0, 32368665.19804003, 7.139716843165097e-11, 5.989456743154975e-10, 1334.8019600046723, 0.2
304.0, 32368665.19804003, 6.475708456163723e-11, 5.432714452265189e-10, 1334.8019600047382, 0.2
305.0, 32368665.19804003, 5.873454218198422e-11, 4.92771849343916e-10, 1334.801960004798, 0.2
306.0, 32368665.19804003, 5.327210866084834e-11, 4.4696598544810903e-10, 1334.8019600048522, 0.2
307.0, 32368665.19804003, 4.8317692719561436e-11, 4.0541763858731837e-10, 1334.8019600049013, 0.2
308.0, 32368665.19804003, 4.382404767577267e-11, 3.6773112840161067e-10, 1334.8019600049458, 0.2
309.0, 32368665.19804003, 3.9748320886002535e-11, 3.33547543095069e-10, 1334.8019600049863, 0.2
310.0, 32368665.19804003, 3.6051645090968187e-11, 3.0254132324130977e-10, 1334.801960005023, 0.2
311.0, 32368665.19804003, 3.2698767766636155e-11, 2.7441716293277417e-10, 1334.8019600050561, 0.2
312.0, 32368665.19804003, 2.965771494639135e-11, 2.4890719880079797e-10, 1334.8019600050864, 0.2
313.0, 32368665.19804003, 2.689948630843745e-11, 2.2576846017004417e-10, 1334.8019600051136, 0.2
314.0, 32368665.19804003, 2.4397778620697705e-11, 2.0478055609344587e-10, 1334.8019600051384, 0.2
315.0, 32368665.19804003, 2.2128734905910227e-11, 1.857435772659266e-10, 1334.801960005161, 0.2
316.0, 32368665.19804003, 2.0070716934886522e-11, 1.6847619285821984e-10, 1334.8019600051814, 0.2
317.0, 32368665.19804003, 1.8204098878366077e-11, 1.5281392416550442e-10, 1334.8019600052, 0.2
318.0, 32368665.19804003, 1.651108014967392e-11, 1.386075786469053e-10, 1334.8019600052169, 0.2
319.0, 32368665.19804003, 1.4975515653396902e-11, 1.257218294571491e-10, 1334.801960005232, 0.2
320.0, 32368665.19804003, 1.3582761821283068e-11, 1.1403392695529845e-10, 1334.801960005246, 0.2
321.0, 32368665.19804003, 1.2319536967119837e-11, 1.034325299306591e-10, 1334.8019600052585, 0.2
322.0, 32368665.19804003, 1.1173794628896429e-11, 9.381664542458474e-11, 1334.8019600052698, 0.2
323.0, 32368665.19804003, 1.0134608690406326e-11, 8.50946670598126e-11, 1334.80196000528, 0.2
324.0, 32368665.19804003, 9.192069186777557e-12, 7.718350272596133e-11, 1334.8019600052894, 0.2
325.0, 32368665.19804003, 8.337187800303495e-12, 7.000778331981477e-11, 1334.8019600052978, 0.2
326.0, 32368665.19804003, 7.561812145356245e-12, 6.349914501007855e-11, 1334.8019600053055, 0.2
327.0, 32368665.19804003, 6.858548024979801e-12, 5.759557819575586e-11, 1334.8019600053126, 0.2
328.0, 32368665.19804003, 6.220688917780334e-12, 5.2240836961794825e-11, 1334.801960005319, 0.2
329.0, 32368665.19804003, 5.642152022681072e-12, 4.738390341123998e-11, 1334.8019600053246, 0.2
330.0, 32368665.19804003, 5.117420251646835e-12, 4.297850177524698e-11, 1334.8019600053299, 0.2
331.0, 32368665.19804003, 4.641489617204783e-12, 3.8982657675955304e-11, 1334.8019600053346, 0.2
332.0, 32368665.19804003, 4.2098215130342125e-12, 3.5358298346860503e-11, 1334.801960005339, 0.2
333.0, 32368665.19804003, 3.8182994325598945e-12, 3.2070890005069734e-11, 1334.8019600053428, 0.2
334.0, 32368665.19804003, 3.4631897128054632e-12, 2.9089108923368126e-11, 1334.8019600053465, 0.2
335.0, 32368665.19804003, 3.141105929149377e-12, 2.638454307072881e-11, 1334.8019600053497, 0.2
336.0, 32368665.19804003, 2.84897660144199e-12, 2.3931421480817e-11, 1334.8019600053526, 0.2
337.0, 32368665.19804003, 2.584015903520317e-12, 2.1706368771933335e-11, 1334.8019600053553, 0.2
338.0, 32368665.19804003, 2.343697096798314e-12, 1.9688182481224072e-11, 1334.8019600053578, 0.2
339.0, 32368665.19804003, 2.1257284345880415e-12, 1.7857631093131583e-11, 1334.8019600053601, 0.2
340.0, 32368665.19804003, 1.928031307368634e-12, 1.61972708390332e-11, 1334.8019600053622, 0.2
341.0, 32368665.19804003, 1.7487204205903204e-12, 1.4691279523693262e-11, 1334.801960005364, 0.2
342.0, 32368665.19804003, 1.586085815983538e-12, 1.3325305796231419e-11, 1334.8019600053656, 0.2
343.0, 32368665.19804003, 1.4385765649233653e-12, 1.2086332430331608e-11, 1334.801960005367, 0.2
344.0, 32368665.19804003, 1.3047859783446853e-12, 1.0962552311779172e-11, 1334.8019600053683, 0.2
345.0, 32368665.19804003, 1.1834381921657329e-12, 9.943255952386753e-12, 1334.8019600053694, 0.2
346.0, 32368665.19804003, 1.0733760002949092e-12, 9.01872945910391e-12, 1334.8019600053706, 0.2
347.0, 32368665.19804003, 9.73549819193048e-13, 8.180161986644651e-12, 1334.8019600053715, 0.2
348.0, 32368665.19804003, 8.830076787541452e-13, 7.419561792258345e-12, 1334.8019600053724, 0.2
349.0, 32368665.19804003, 8.008861440548163e-13, 6.7296800931717696e-12, 1334.8019600053733, 0.2
350.0, 32368665.19804003, 7.264020813997716e-13, 6.103942001522714e-12, 1334.801960005374, 0.2
351.0, 32368665.19804003, 6.588451901420396e-13, 5.536383878995383e-12, 1334.8019600053747, 0.2
352.0, 32368665.19804003, 5.97571229059307e-13, 5.021596514496202e-12, 1334.8019600053753, 0.2
353.0, 32368665.19804003, 5.41995872691225e-13, 4.554673583657101e-12, 1334.8019600053758, 0.2
354.0, 32368665.19804003, 4.915891390500125e-13, 4.131164899249665e-12, 1334.8019600053763, 0.2
355.0, 32368665.19804003, 4.458703355654631e-13, 3.747034007216353e-12, 1334.8019600053767, 0.2
356.0, 32368665.19804003, 4.0440347506748606e-13, 3.3986197244084158e-12, 1334.8019600053772, 0.2
357.0, 32368665.19804003, 3.667931180917225e-13, 3.0826012516581406e-12, 1334.8019600053776, 0.2
358.0, 32368665.19804003, 3.3268060185931137e-13, 2.7959665298628614e-12, 1334.8019600053779, 0.2
359.0, 32368665.19804003, 3.0174061996931263e-13, 2.535983537643828e-12, 1334.801960005378, 0.2
360.0, 32368665.19804003, 2.7367812018678665e-13, 2.3001742571586184e-12, 1334.8019600053783, 0.2
361.0, 32368665.19804003, 2.482254907429786e-13, 2.086291060057881e-12, 1334.8019600053785, 0.2
362.0, 32368665.19804003, 2.2514000831538678e-13, 1.8922952886277602e-12, 1334.8019600053788, 0.2
363.0, 32368665.19804003, 2.0420152335094618e-13, 1.716337828067807e-12, 1334.801960005379, 0.2
364.0, 32368665.19804003, 1.8521036065892884e-13, 1.5567414848195335e-12, 1334.8019600053792, 0.2
365.0, 32368665.19804003, 1.6798541525303245e-13, 1.4119850030636115e-12, 1334.8019600053794, 0.2
